1 0.00801272227429897 0.00806701254240534 0.00925482500165592 -0.0196284129808579 0.00590092346604311 -0.0246417596165412 0.0102119032469679 -0.0197416313273636 0.00837703010674604 0.0124599092988219 -0.0211541540958733 0.00876366518232301 -0.00496675666534538 -0.0215949419671558 0.00589443168921812 -0.00740919259226805 -0.00316973104763648 0.00663028427254007 -0.0249919620223938 -0.00240386315858819 0.00516435082005512 -0.000920156389073483 -0.0245333976401553 0.0167314497348249 0.0103330762948719 -0.00277056160244191 -0.00321616443341271 0.00436759789538668 0.00481469585681403 -0.00754836711826728 -0.00363133713407788 -0.0191354222768861 -0.0188415961164386 0.0145574990296699 0.00719749747773268 0.00152381440005717 0.00133497410306839 0.00147438977425831 0.00698745412411343 0.00707199744807118 0.0064274587147549 0.00772300356779919 0.00778822474229592 0.00581870323374105 0.00753551236874189 0.0080398865545013 0.0096454769709733 0.00570253107417795 -0.000111227394601015 0.00774453233284521 0.00704889741078614 0.00783216512659328 0.00361969986565834 0.00397682826452521 -0.0182486526271991 -0.0235029761073359 -0.0169342372886186 -0.0284627594179265 -0.0252971617110923 -0.00347785496564836 -0.00850276331658104 -0.00504656499180532 -0.025237138450883 -0.0113487748033101 -0.0182920238487239 -0.0199562297596711 -0.019867643883678 -0.0134784302467136 -0.0110002339573448 -0.00546762128561715 -0.0104272430379278 -0.0329509901947048 -0.0123320489361083 -0.0177338316418815 -0.000622642357296301 -0.00819538369623454 -0.00591771842250325 -0.00852520397403105 -0.00171181102523777 0.00188210498710409 -0.00582539919142188 -0.0060933495270665 -0.00494198227265111 -0.0228674390699312 -0.0161736358600276 -0.00300600323896686 -0.01540824142533 -0.0137144072629483 0.00322711371416378 -0.0109132670250976 -0.00482414376302243 -0.0109971905475664 -0.00645846257241493 -0.0138042068310134 -0.00208766742060831 -0.0133608062823813 -0.0118415594828734 -0.00666342159889052 -0.0145075855744772 -0.0168347296550086 -0.00933668354513665 0.00211561434356233 -0.00582507984309543 -0.0113999837742103 -0.00061251792455801 -0.0122675737254058 0.00709493445077595 0.00818799878175678 -0.000359931236217999 0.0129092665812047 0.00435975301412006 0.005775673636602
2 0.00806701254240534 0.00818464822748501 0.00951299738654018 -0.0205526468879212 0.00630742354958073 -0.0259530319771545 0.0106089650417082 -0.0174865656234457 0.00833367523887221 0.0119865887095708 -0.022181194721267 0.00924364072751415 -0.00415980616395557 -0.0187678877506471 0.00331138639383458 -0.00889655230535878 -0.00584741504610122 0.00590596353027723 -0.0258433131285776 -0.002816119460344 0.00360970338541929 -0.00284284236799071 -0.025786943232949 0.0158155866531825 0.00869292645406162 -0.00417439672295138 -0.00427762109900135 0.00248618614892417 0.00506324931791887 -0.00943216335046117 -0.00463670669672064 -0.0192630653738072 -0.0190657514121779 0.0126050547921978 0.00685674924185014 0.00133340369406816 0.00115606312032372 0.00110558925638309 0.00672056848271218 0.0066534883438755 0.00628400106175026 0.00765691608534615 0.00773518149474222 0.00608339931885293 0.00736441772420874 0.0080538359217504 0.0092691746107992 0.00511612792117 -0.00103866394578917 0.00768712157189008 0.00649845300151713 0.00778629847056934 0.0043987900403873 0.00393849359583416 -0.0188868295880953 -0.0252021290378038 -0.0177060048052597 -0.0305344096130428 -0.0268466771597671 -0.00406506770861051 -0.0108154315756814 -0.00619162368528322 -0.0270998004600083 -0.0130919312706268 -0.0200945715251136 -0.0208244634029393 -0.0214579143773316 -0.0157047759426596 -0.0138355022169288 -0.00459178607828574 -0.0124812360450426 -0.0344136083738309 -0.0132771351231094 -0.0192954746934108 0.000769022271187722 -0.00695914995427931 -0.00484446151742735 -0.00689908646229311 -0.00105918055630949 0.00353448569706968 -0.00417617541931756 -0.00409676241883109 -0.00333513065625294 -0.0209381171417459 -0.0134211776614518 -0.00114694975754652 -0.0154626865064496 -0.0139944435882552 0.0042685674811174 -0.00709522698497767 -0.00206827794900336 -0.0074593667466759 -0.00391262298298563 -0.0113678069653165 0.00237867419925921 -0.0113028883193239 -0.00860818802520537 -0.0031541931053881 -0.0123911308057426 -0.015943834018059 -0.00715881361571791 0.00220038921701873 -0.00362739270416751 -0.0112258539243657 0.00219598456689884 -0.0126848939992106 0.00699210805129058 0.00858026626740538 0.000181214144804503 0.0134833699708191 0.00466763239921033 0.00605276702369067
3 0.00925482500165592 0.00951299738654018 0.221742116027831 -0.0389726450320633 0.00803483563210072 -0.0190428289659062 0.0118156058865633 -0.0351277075092191 -0.0273907613433902 0.0101819424330511 -0.0124195423345894 0.0134399710951067 0.081342137182316 0.0722455613631136 -0.0142992696860949 -0.0194238998084155 -0.060266041593283 -0.0298782203091636 -0.0580688747660335 -0.0138883027878615 -0.00590944667523631 -0.0253455371381737 -0.0568936814993193 -0.00247823876133743 -0.0314061832725443 -0.0137345982068129 -0.0305131776143506 -0.00808313956398832 -0.0321832447471363 0.0154095981619202 -0.0121125563776348 -0.0616706293403133 -0.0442561490561754 0.0543906310941591 0.0041444344198788 -0.00678281254247784 -0.00369494104217647 -0.00724719863216294 0.00373340116709755 0.00131265482825045 0.00512873599687873 0.00787911114941051 0.0079865707988194 0.00222012768290373 0.0065619374007334 0.00450862514385135 0.00525624794739224 -0.00390575021094056 -0.0153871472271429 0.00780903444219609 -0.00496179755324113 0.00684020958099662 -0.00268379813885081 0.00164215095101885 -0.0488363365448439 -0.0960312501838518 -0.103987469807032 -0.0121581551339462 -0.0338379122951022 -0.0434438591558426 -0.0581990734675609 -0.0251488341006673 -0.0368406141746669 -0.0754823995337448 -0.0732931031917867 -0.0685543594321026 -0.0786710888054754 -0.0628133958613031 -0.0675982191588633 0.0208823223473013 -0.0515099540808694 -0.0904985932838284 -0.0949198317197193 -0.00046507808999235 -0.0153212958389458 -0.0226676434414395 -0.0185541493757015 -0.0280983436647832 -0.00737051355903663 -0.0106209401707027 -0.0222833835593603 -0.0231337061892142 0.00536433172458214 0.00476410045309197 -0.0666145142071081 -0.0395576261292487 -0.0280097995680995 -0.0638858695263622 0.0314899488191578 0.097819375143386 0.0873671863484733 0.0932291006860496 0.045931425620717 0.0896964123321195 0.0944332908718419 0.0630440450559495 0.0733471601585638 0.0912904568192113 -0.0396705062087499 0.0595450008238497 0.0396405297043966 0.0426587169235076 0.0247851178010885 0.0113000257175543 0.138331932764542 0.0335250924436583 0.00266195309176337 0.00552426875411383 0.0521115938198993 0.0125073915459607 0.00203697718394742 0.00649206452674578
4 -0.0196284129808579 -0.0205526468879212 -0.0389726450320633 1.09833921079365 0.00360460529686174 0.131824900374788 0.0198126774501963 0.260694752675028 -0.049530954787276 -0.0893106572632275 0.205347579953166 -0.034131393942596 0.350871707959704 0.105611584766064 -0.0884858018169232 -0.0701363527504813 0.00882375189751966 0.371600956743237 -0.11734926456297 0.00179181252629383 -0.0812593601130643 -0.158222348926818 0.134228330363557 -0.181936960886632 0.0116515810028507 0.00298179766841461 -0.152281129231754 -0.0971476917852886 0.115933897281134 0.160722385613837 -0.0197003460721645 0.258525546753418 0.0241153317003032 -0.0377817332393549 -0.00169412195337626 -0.041677118320035 -0.0274724320951795 -0.0121330399881756 0.0123908534296905 -0.0377888216913779 -0.0091680032934578 -0.0144080095128365 -0.0152366290059664 -0.0569786126471251 -0.0105027430213077 0.0403925386628053 -0.0240134550828239 -0.047788885437623 0.0508140394883639 -0.0147807118621806 -0.0197054271250469 -0.00971737969693202 0.0101354659477522 -0.00428041630737681 0.0650563731377266 -0.0294641472063029 0.0322512909662528 -0.0503311723793473 -0.0609670221692106 -0.0168567637005821 0.00512452005323715 0.0779680288373744 -0.0358569074181743 -0.021676127387814 -0.0349226113727312 -0.117128347359088 -0.0220686777115798 0.0811446349402645 0.0245205462690016 -0.0116263819453003 0.0559596601016212 0.0554598048034783 -0.0946199233318793 -0.0369145297707947 0.259624074554279 0.27354106142039 0.330015411984309 0.336687345599843 0.257105904257221 0.226212740341597 0.208544887004924 0.261409398508591 0.300789857770455 0.252626097530232 0.299719634032202 0.15505120598406 0.162160566288827 0.153352741323875 0.102730095154794 -0.219430084260138 -0.217230446769271 -0.198770052488223 -0.157000773518404 -0.141190828350604 -0.284346072678741 -0.313432362314872 -0.18466857262701 -0.259338866843884 -0.0887697886179257 -0.109345709397824 0.143752513757295 -0.0612533582555618 -0.0149702180058161 -0.0595557923731668 -0.196580655530546 -0.0401683792984633 -0.0420142175756753 -0.0419936407340621 -0.0479356412721588 -0.0732648521579696 -0.0253556372346178 -0.0262546086258064
5 0.00590092346604311 0.00630742354958073 0.00803483563210072 0.00360460529686174 0.213428336099872 -0.00603827668350434 0.00788163660976045 0.0597157738251988 -0.0158984820128051 0.00559570554744817 -0.0114096587459804 0.00942561704300615 -0.0211530500783192 0.0214550913748315 -0.0223451717417315 -0.0266269184454126 -0.0553700907514764 0.0463303340024052 -0.0554539072557939 -0.0167962132220529 -0.0134774136080836 -0.0317227332727415 -0.0577959462448273 -0.00404052541603464 0.0395571424517943 -0.0202322435631912 -0.031487191467443 -0.0169036158504021 -0.019906609754785 -0.0445317211841631 -0.0161067063483266 0.0396314624501566 -0.0434725514035963 -0.011762419525287 0.00249808805428013 -0.00498135987717841 -0.00429214237633007 0.0395559402186173 0.00221524186377234 0.00013188428345648 0.00256522521244915 0.00518778149881614 0.00534866039590807 0.00282030314114148 0.00411445939313926 0.00425653394576247 0.00334088987013427 -0.00303280456138812 -0.0160207468702354 0.00499943018973463 -0.00284172958686244 0.00425163462204245 -0.00120278213788805 0.000242743454889997 0.00896655979644385 -0.0283465699520427 -0.0107940774124525 -0.0354640203110791 -0.00654629458092975 -0.0267311186363754 -0.055296135839367 0.0159741917685821 -0.0227991350727913 -0.016329995323393 -0.0684938337058614 -0.0630844609911948 -0.00376930097399233 -0.0580147035230949 -0.0644282655023993 0.0274326146715888 -0.0510925321158095 -0.012608065353372 -0.0259602895777786 -0.0648975670134971 0.0417968339804338 0.0264332392221176 0.0313085617747264 0.0280713499035432 0.0394015293433057 0.0411292817035496 0.0340027696670083 0.0527841838590929 0.0487131131364803 0.0290374044882539 0.0684290095811166 0.0761878996804895 -0.00390362025401855 0.0285710949650433 0.0808883622231244 -0.0185906162838896 -0.00946169721832901 -0.0182031232039261 -0.0224378003488989 -0.0202658601913232 -0.0189354452361123 -0.0468692911965028 0.0132320531258863 -0.0127601109834932 -0.0230994912985478 0.00912955213397137 0.0277256101972464 -0.0109088517507506 0.0174726699933192 -0.0429454422882006 0.000909058179871044 -0.0367844983703965 0.00214985482372404 0.00516908951587912 -0.0058247561134691 0.0132327052977956 0.00142479905044684 0.00385353829416284
6 -0.0246417596165412 -0.0259530319771545 -0.0190428289659062 0.131824900374788 -0.00603827668350434 0.98637922834206 -0.0627393814956792 0.0834805542837273 -0.0869764375255735 -0.063462117146529 0.165209755491011 -0.0392738879360245 0.0922935474812091 0.0483029766497708 -0.025294748200716 0.0439837868410851 0.119619707397338 -0.0247936583942548 0.221155755916465 0.0679911192028713 0.0134130017389407 0.115253850212353 0.0707048021459812 -0.137291141540393 0.0876226342026759 0.124506472989673 0.00583617095435965 0.0262668934393929 0.0565253418617528 0.151807680978486 -0.0601481930123302 0.0665207020661666 0.126971268960084 -0.150356460907056 -0.0156810709478781 -0.0510096063706328 -0.0287505421369301 0.0271617928785625 -0.00142066929747727 -0.017180271247798 -0.0140114013119574 -0.0194687220746314 -0.0202954781056327 0.0111054562235997 -0.0158224299296078 -0.00705590260615227 -0.0406154535125548 -0.0688619127296512 0.0209241729946359 -0.0198460286190111 -0.0569780839646836 -0.0321126995707762 -0.0285562096456375 -0.00463031713316276 0.201513657133469 0.191343366866928 0.192146616548675 0.114519038274683 0.0781639031338167 0.0813679586262494 -0.0190267262868311 0.206662512459359 0.153689312713353 0.142483545033068 -0.048018282627768 0.0816092374059962 0.140577599273733 0.233364308407776 0.188255595000259 0.0648081912721221 0.144806244298316 0.267808661338256 0.0725167179907191 0.0396305944402127 0.109301829025363 0.121540616725414 0.143100129575031 0.0907535496369612 0.109506073688026 0.120606727822208 0.0783211064344003 0.0942945891936014 0.147466206404676 0.261913084481979 0.249227926086658 0.121003685402497 0.0869983447183912 0.0140632499272044 -0.0445445320526832 -0.237631715005459 -0.236238298949897 -0.281685164683071 -0.120721221221241 -0.174286780964769 -0.24448574008698 -0.112457461816335 -0.188370995019711 -0.216297481714079 -0.120746743609025 -0.0461392735426888 -0.0868502587220037 -0.119450941124496 -0.0839026925227493 0.0455301766517975 -0.175837733301811 -0.0334513837270181 -0.0902662788387588 -0.114231278519263 -0.0841460070120651 -0.107393909217396 -0.0901412641974757 -0.0691744302738977
7 0.0102119032469679 0.0106089650417082 0.0118156058865633 0.0198126774501963 0.00788163660976045 -0.0627393814956792 0.222434780326215 -0.0426784549287644 -0.0108278680217756 0.00958578160327822 0.00206397213286507 0.0125498081067697 -0.0174628783265473 0.0288405807666693 -0.0179423443132188 -0.0236980291369214 -0.0503113613038967 0.0893354919872178 -0.0510965185837654 -0.0130673248880824 -0.0108648135891982 -0.0270818342718191 -0.052591200517222 -0.000486227721129444 -0.0209536949046151 -0.0167951717479939 -0.0270164737494603 -0.013816682539559 0.0776376851473014 -0.0400457667849891 -0.0124187396858659 -0.0484246518875689 -0.0386008070286658 -0.00814998676096764 0.00762029966535289 0.000187743505252618 0.00118502321541143 -0.00129081765115004 0.00727560830018053 0.00525016884760436 0.00736804912374738 0.00953446995617357 0.00969162192900854 0.00792260515747815 0.00921127508586839 0.00972258382116217 0.0085613034679462 0.00286039517136564 -0.00991166079620551 0.00970490527783267 0.00379678661529275 0.00891874650806805 0.00389445264900121 0.0052746786985094 0.0198290131163631 -0.0759832058843892 0.0093877718334362 -0.0159517692563038 0.0161920449464279 0.00962989516670688 0.047037742769921 -0.0575507950472715 0.000165804651690489 0.00434405826199881 0.0275673690208002 0.0362878394660375 -0.0622843228518585 -0.0521882742456118 -0.0581569910999626 -0.0338842480761668 -0.0464399521762564 -0.0750698137839975 -0.00496478127627713 0.0072880244472303 0.0456299945139231 0.0224751696825192 0.00726344667268024 0.0132543743277773 0.0333540908651465 0.0439083756123303 0.0185461555518503 0.0439572535155243 0.0349190970066646 -0.0446389091221093 -0.0389304141283677 -0.0181300207140835 -0.0546621177693611 -0.0454040937886604 -0.0140709891298952 -0.0132141868531596 -0.00425237149554581 -0.0119676909096005 -0.0166996781952489 -0.0148367647327241 -0.012444568478002 0.0262665559097638 -0.0226381885348193 -0.00727884890447278 -0.0188438710045717 -0.0409734057777989 -0.0392268457955761 -0.00550753680915717 -0.0379153230482361 -0.037112257182509 0.0042629220777811 -0.03184778069825 0.00670923734757191 0.00922878776107358 -0.000815990100856322 0.0169618052459594 0.00551003910861499 0.00765824176500995
8 -0.0197416313273636 -0.0174865656234457 -0.0351277075092191 0.260694752675028 0.0597157738251988 0.0834805542837273 -0.0426784549287644 1.9181956109593 0.0914242169449991 -0.0748394849807951 0.624976094534552 -0.000477202836092762 0.599119784865824 0.755387662067518 -0.130002239730141 0.00384634502328526 -0.317985528051562 -0.379837869178497 0.0476860903192237 -0.145055647417427 -0.017573387925611 -0.206976461786583 -0.0445839041082524 0.116385619020655 -0.578267384956046 0.0820473893726919 -0.308941430594402 0.0264008853055853 0.393847669447658 -0.150568782339294 -0.217316692054837 -0.112088363923609 0.0926449614506565 -0.53647253303811 -0.0453850161706742 -0.102612815958277 -0.06955028933306 -0.0565634875760241 -0.0175858446173025 -0.0667561727604569 -0.0170116810544632 -0.0253786078132467 -0.0247903749346905 -0.0784676332615197 -0.0296233750508582 0.0244736896505111 -0.0448075803331137 -0.0566132979107471 -0.0663068208091628 -0.0248656968321034 -0.0552381220469269 -0.0403688939462111 -0.0784600378848999 -0.0147854796146361 0.660655923520463 -0.18270450466262 0.182736330058869 -0.352460109520009 -0.291220110167329 0.24377320772884 -0.364019503989168 0.4557312382559 -0.170552022646091 -0.075636209897404 -0.311382111437848 -0.108196139101189 0.0354722119439455 -0.244446898172387 -0.408022514788333 0.158479431474483 -0.335244722182857 -0.0153073699265368 -0.178341495126163 -0.354489502347398 0.895423053513423 0.863471860549234 0.864718334607907 0.937902554134626 0.715320734377721 0.941140254424463 1.04636890794281 1.19194458837666 1.10801447042571 1.18843047105862 1.55211397377159 0.897973604792342 0.187716805721629 0.827467517241019 0.714398975516819 -0.352311428521149 -0.323920740114002 -0.348661924725117 -0.369537745311429 -0.222167054846675 -0.278763850920695 -0.519463369426067 -0.442994197896948 -0.118447236667722 -0.0834001381273126 -0.201531839694828 0.116105517702665 -0.0990565244586206 0.0723426017679557 -0.0867989385684075 -0.274580360864048 -0.385972534119704 -0.0492072369196793 -0.0952660969397891 -0.1917758063415 -0.111804565104247 -0.0403203837204363 0.0273687903556678
9 0.00837703010674604 0.00833367523887221 -0.0273907613433902 -0.049530954787276 -0.0158984820128051 -0.0869764375255735 -0.0108278680217756 0.0914242169449991 1.25782664267691 0.0420370756149453 0.237663187502527 0.0110616711051986 0.00829677467307418 -0.117047258986841 -0.0218656024330714 0.0121832363312915 0.0607399948969425 0.0256879545564929 0.044669819610438 -0.0317134001787585 -0.0220327493118 0.0228322745179732 -0.131791800886156 0.0956301054370539 0.258691168195543 0.0488350245813054 -0.0523320998378776 0.0596435357101412 -0.00413124745629871 -0.013702825588072 0.0868699089341477 -0.108801228263435 -0.241428431992126 0.21860960063371 4.56384048213386e-05 0.0548582411072435 0.0173012351533012 -0.0369180038121949 0.0110508203842758 -0.00340803239444588 0.0130183958956523 0.00724333971030915 0.0074501840065702 -0.0150077494112354 0.00615462404127822 -0.0281590203786601 -0.000583838637913614 0.0215053581647699 -0.0370579621159624 0.00683305803121984 -0.0379109978037649 -0.00200237719856349 0.0572432451287556 0.00340941417124913 -0.146333901267671 -0.249990448120505 -0.0562177615911755 -0.188841576876177 -0.077804143256698 0.166528697293485 0.053806644308676 0.0316787263347376 -0.185027533012676 -0.054248742659949 -0.00465950520514803 -0.0849154729337437 -0.0260232956583309 -0.0842388151461701 -0.171919736864557 0.132431377237355 -0.0619623412448163 -0.231283433904649 -0.0352549985579804 -0.0199339744488929 0.177892713109591 0.0930013782705823 0.254888421833487 0.197905847644199 0.194241715872637 0.113431879696359 0.075551146959381 0.142693364630609 0.249004786419353 0.108586149280137 0.109923871085307 0.0587608548836773 0.136268925567872 0.148503530115029 0.160439382061319 -0.157577184965645 -0.140856785866612 -0.197808007570589 -0.179014233287555 -0.113892120805986 -0.148399154285161 -0.171869720126568 -0.225595305155509 -0.190430541303446 -0.0831266064820956 -0.190317387303973 -0.0257898241922085 -0.0261307514775932 -0.0718392514566955 -0.00387814969506789 -0.15317426363049 -0.112625350114348 0.0480505289995232 0.0434691260676327 -0.0286598124696068 0.0100213023051464 0.0532554418397178 0.0434693099653122
10 0.0124599092988219 0.0119865887095708 0.0101819424330511 -0.0893106572632275 0.00559570554744817 -0.063462117146529 0.00958578160327822 -0.0748394849807951 0.0420370756149453 0.280798809429717 0.00678996580059678 0.0101453754183753 -0.0346290522552511 -0.0731196605448074 0.022629710054262 -0.0287602988112918 0.0956160113642984 0.0277232921322221 -0.0699213380169762 -0.0174770375142462 -0.0154946669676192 -0.0035880949454538 -0.0657422901242989 0.0261564235163087 0.127661898863412 0.03008536033949 -0.00996222546951779 0.0417212474892653 0.0914909733333053 0.00863686895714546 -0.0179624274278221 -0.0545884314902855 -0.0526728552402454 0.185144564211336 0.0136033405537159 0.00187522487674343 0.00561426372793582 0.00434992334333365 0.0123419866016506 0.0103358299962406 0.0112317462619724 0.0131197546702117 0.0129737834701475 0.0117858740814745 0.0134727054413754 0.0134120802436713 0.0113346044295295 0.00707144264885278 -0.00741158639199506 0.0130638106418231 0.0111140197397035 0.0120207479696118 0.00337056975441009 0.00905037336768876 -0.0398957405423903 -0.0614963340700658 -0.0522102452663604 -0.0532293504134114 -0.0291829775146602 -0.0429469923698427 -0.0552025813200588 0.0289857540418936 -0.0340045102077298 -0.0254286896870405 -0.0143613381996823 -0.0659835760145479 -0.0242734810938499 0.0790439267457224 -0.0656101369217318 -0.0463759024687057 0.019930200586743 -0.0819502994887481 0.0201334493164432 0.0454448098738591 0.0130796163730027 -0.0362056750120306 0.0032658836516768 -0.0322576768403434 0.0338892386739076 -0.0670387812950074 0.0164426099338461 -0.0698219525083687 -0.0670584430951797 -0.0732293415483518 -0.0768072974967178 -0.0458870601680869 -0.0849668223549779 -0.0154997569806877 0.0284237743496965 -0.0365895037177544 -0.0182414444632209 -0.0311361360391914 -0.0263542956853021 -0.027604532205358 -0.010004371234411 -0.0568494492021527 -0.0414193331017939 -0.0263381045167346 -0.0341008195027658 -0.0623805898094817 -0.0622200228012987 -0.010140370344597 0.0367614591978437 0.0320889920458691 -0.0105272169682093 -0.0435186686879611 0.00718323928201563 0.00732045574409249 -0.00472240819795139 0.0147734850876871 0.00392744399809709 0.00665719408846198
11 -0.0211541540958733 -0.022181194721267 -0.0124195423345894 0.205347579953166 -0.0114096587459804 0.165209755491011 0.00206397213286507 0.624976094534552 0.237663187502527 0.00678996580059678 1.25247075853509 -0.0290812188861341 0.3911885032709 0.11821046621709 0.00511203200094822 -0.0214702110892677 0.107225206191391 0.00292614991817527 -0.0274963305777486 -0.0191703922595545 -0.0114737354958753 -0.106864970835499 0.05239358408733 0.0847492748622511 -0.034915331301983 0.0122349802831676 -0.227296679214309 -0.0172384062316941 0.307379812979505 0.0394912311020374 -0.0193355562713164 -0.0499122191971958 -0.0694924563092812 -0.149091289967577 -0.0263346340791053 -0.0824374209939743 -0.034351070818966 -0.0605856983019132 0.00269500548082343 -0.0268647591567196 -0.0129718662667126 -0.0190933619397643 -0.0191567196521326 -0.0217770245358037 -0.0168644197250012 -0.0810488643228219 -0.039125313907198 -0.0704336901327774 -0.0442920217278867 -0.0192777879434328 -0.118993165504156 -0.0428900887811873 -0.123636984414047 -0.0107696556443362 0.309242593171709 0.156211275732685 0.135740768365075 -0.0983906898669722 -0.12569160088552 0.191475608276993 -0.0889486555537859 0.377549691138778 0.0733530277186852 -0.00911465013898815 -0.134064849759653 0.0617275727037912 0.149828780314518 -0.134908261598125 -0.0520754302412321 0.269985553913661 -0.11356300642916 0.0398447993712993 -0.0300480511515762 -0.0683312479474498 0.481897240987068 0.543979814636235 0.645101296409576 0.583689771824373 0.480991556335729 0.431787532492812 0.496611288107906 0.410780847613404 0.513509360575758 0.467673675411296 0.429624679311701 0.587676465214402 0.468895152386788 0.329299762515039 0.344041494307882 -0.318901567160243 -0.287488042752345 -0.431504342132549 -0.427389800661773 -0.180655552059902 -0.505187519497657 -0.295990012638378 -0.459543723830486 -0.313771385348234 -0.185009217222753 -0.362101891493814 0.0283223886232347 -0.146496682925135 -0.0269328757124798 -0.0237311540627297 -0.313268046998327 -0.114418866379646 -0.0588290728546325 -0.0993232788839781 -0.055272769768953 0.000199082943943473 -0.0534044032980855 -0.0139920088054124
12 0.00876366518232301 0.00924364072751415 0.0134399710951067 -0.034131393942596 0.00942561704300615 -0.0392738879360245 0.0125498081067697 -0.000477202836092762 0.0110616711051986 0.0101453754183753 -0.0290812188861341 0.0133770069519298 0.00259761642960351 0.00482789049395079 -0.0132687956510375 -0.0199733849227056 -0.0229156915004199 -0.0029328506446175 -0.0315269282982356 -0.00799085930058658 -0.00778655300993244 -0.0196916446006629 -0.0390263699165239 0.0104124505208386 0.00187786868968706 -0.0123369628084452 -0.0132938219559575 -0.0115632638469492 0.0116655699275293 -0.0225783240501706 -0.00799204872326021 -0.0261533961125598 -0.0240769204002544 0.00732180194985623 0.00390045141163559 0.00162564751622069 -0.000612513799371931 -0.0033004443950204 0.0046922183479371 0.00308670907365131 0.00468900939034009 0.00727117956714638 0.00746622193659374 0.0067338042407932 0.00611567236146492 0.00837529273058012 0.00679316067064429 0.00201598597593126 -0.00993934931038567 0.0073862949299332 0.00169514359286893 0.0069721915502531 0.00754646019043165 0.00339372284058601 -0.0211205935187062 -0.036204592172861 -0.0265196909397749 -0.0476770936532396 -0.0390785746416912 -0.00861088019860081 -0.0261993283122469 -0.00946026837715416 -0.0461815207447087 -0.026205095612785 -0.0362119569609577 -0.0310854014183061 -0.0314103641390506 -0.0287128150778669 -0.0358359878658146 0.00135845583424023 -0.0267354588179858 -0.047499874557592 -0.0209569888637531 -0.0294996804462308 0.0104597029159112 0.00137935390402198 0.00189925687991163 0.00286276385577331 0.00292145685180133 0.0173145804807847 0.00610670972821982 0.00922006523612077 0.0119412488817263 -0.00946688789989299 0.00581588786973625 0.015536399700248 -0.0168801606456679 -0.0107821369322692 0.012247234668057 0.022157513608927 0.0196681786616852 0.0207573078118609 0.014060713561526 0.00679690087021818 0.0348834954447141 0.00184609544120407 0.0122881298304481 0.0235147537536209 0.00447233450456904 -0.00922085843500715 0.00823554766908976 0.00389519806229997 0.0134804320377828 -0.00632954116711577 0.0205409581324291 -0.0167613023386344 0.00779755685340073 0.0117206143011649 0.00737107177676033 0.0205543619499387 0.00769496803512293 0.00845473225636633
13 -0.00496675666534538 -0.00415980616395557 0.081342137182316 0.350871707959704 -0.0211530500783192 0.0922935474812091 -0.0174628783265473 0.599119784865824 0.00829677467307418 -0.0346290522552511 0.3911885032709 0.00259761642960351 1.96059879761754 0.343528369145036 -0.133642909233836 -0.0447260261297259 -0.12662992770191 -0.0552607426514942 -0.164746016093858 0.112001589502471 -0.0023288745306577 -0.124069254664006 -0.0456906609265376 -0.146003058731909 0.0214425342494834 -0.125434573542319 -0.221433828476989 -0.0286311286099864 0.608892534949018 0.0299115917140893 0.0280255181443033 -0.132540468789789 0.00813040581123824 0.0926088672389962 -0.0170779425747442 -0.0468239187376255 -0.0473060427997839 -0.0691854457677573 -0.0251873765784978 -0.0424597712941233 -0.0151066749704002 -0.00685038010344721 -0.00758520533611033 -0.0378847228400802 -0.00910566596706587 -0.0356263375534612 -0.0373807690720743 0.0230039075236408 0.0377423676420218 -0.00719909354723275 -0.0829351032799798 -0.0148690889955983 -0.0461087525470873 -0.0286903236817736 0.208436860969282 -0.028823870329103 -0.0931427959462152 -0.223735808042024 -0.454487294639935 0.0765180082567967 -0.366644482000705 0.247393549929243 -0.34347773437003 -0.147229140418271 -0.286334590850768 -0.346717543048923 -0.128249189453905 -0.213818091540496 -0.190401336196256 0.375971613838233 -0.258099128445997 -0.177651037280155 -0.28383653203727 -0.326617284756024 0.49737596417033 0.482037887566151 0.538884115139472 0.525164581849306 0.446523507619634 0.441925360734533 0.495223306820585 0.577825891193592 0.635226818949627 0.721086517870868 0.677212244244247 0.548420799501108 0.287575437225384 0.295272359144847 0.599606664752362 -0.0261153198798424 -0.0993108349291502 -0.13901124543849 -0.25118612448528 -0.106385658395141 -0.151243848313826 -0.279678014694156 -0.235060772799342 -0.16956181667525 -0.144609093243818 -0.30899982140246 0.384994916676257 -0.0147842446237058 -0.00913679457926081 -0.117991018721618 -0.18080719678652 -0.20949560473953 -0.0580322598241435 -0.054109090285889 -0.110570660270301 -0.0408018688230677 -0.0540094767577513 -0.0257572301854306
14 -0.0215949419671558 -0.0187678877506471 0.0722455613631136 0.105611584766064 0.0214550913748315 0.0483029766497708 0.0288405807666693 0.755387662067518 -0.117047258986841 -0.0731196605448074 0.11821046621709 0.00482789049395079 0.343528369145036 1.51978132682593 -0.0640262697311581 0.0187767575002433 -0.406335408608912 -0.272352388527736 0.15148950264579 0.0614570013489474 -0.00655201902975902 -0.279080690583728 -0.00752297934510448 -0.211038996388595 -0.425840873464982 0.0679672635851621 -0.35061573893103 -0.0288456877352513 0.0394749574033261 -0.169631108651476 -0.132351027296659 -0.0436878781146693 0.177731228381496 -0.357985962827031 -0.055007106969273 0.00260850527440061 -0.0135718033570498 -0.0859118030408686 -0.0307866191651534 -0.0788721031723031 -0.0460498517944225 -0.0297370934022898 -0.0291904778446029 -0.0870277056385005 -0.0355236894043949 0.0246933923247391 -0.0759584410005279 -0.0869089593761536 -0.105736868183851 -0.0286665771198387 -0.0694282954295997 -0.0441589303365534 0.0273494132762249 -0.0343236524504523 0.198375383892782 -0.428065432993688 -0.0376467353166345 -0.201608878085232 -0.106184202025816 -0.155849993923099 -0.274163804044835 0.266496589890495 -0.185809419913836 -0.231184017666943 -0.287018623856869 -0.160600330065357 -0.229218130887553 -0.23522188990549 -0.44350570085476 -0.0101669902400463 -0.380544670994444 0.0056155827312979 -0.126048987476758 -0.294531427224708 0.251037175907443 0.310723469985962 0.231507302708587 0.364322283926584 0.270400893838954 0.353534131583556 0.456779337503306 0.524574601715374 0.479134456467061 0.619229404649853 0.785944648549608 0.232413929778879 -0.112583247543926 0.319186012447569 0.263980034993451 0.305011464688355 0.233996023573181 0.335019253238394 0.139848413411651 0.208468919049936 0.307276934110333 -0.00531114879077692 0.271881950384095 0.378602642377667 0.331605095458313 0.320762967800995 0.341836663795635 -0.0429365217677032 0.208290967486925 -0.0541059824568563 0.190068895847685 -0.0811296369744958 -0.139113122547651 -0.0688184261676379 0.0272021109022402 0.0317409410496398 -0.102863772018951 -0.0580944898187046
15 0.00589443168921812 0.00331138639383458 -0.0142992696860949 -0.0884858018169232 -0.0223451717417315 -0.025294748200716 -0.0179423443132188 -0.130002239730141 -0.0218656024330714 0.022629710054262 0.00511203200094822 -0.0132687956510375 -0.133642909233836 -0.0640262697311581 1.06768004187536 0.303565186226646 -0.0248563656958644 -0.0401522433297458 -0.0268419423771739 0.134284146800957 0.401368242924909 0.0509628206167628 0.110731427800644 0.1061568390014 -0.0310718334206279 0.195772994102294 -0.0571460341214496 0.418071397181728 -0.106120310097789 0.0933004436105174 -0.083106384643997 -0.034443796204591 0.133952266301928 -0.027822684212955 0.0218615132212765 -0.0192041025385252 0.00310743668888179 0.00182257914924445 0.0139591212542335 0.0339755589375955 0.0110991184614945 0.0115196208212097 0.0110071687358783 0.01037131760201 0.0163110092544289 0.00957876624992954 0.0263221866236346 0.0169260199373349 0.0141292839845833 0.0111632316572464 0.0124668192824784 0.00634411657510085 -0.0271224262015195 0.00717528918047272 -0.0344203851401007 -0.0118887719118467 -0.000988186165089939 0.0258592041097724 0.0754076660267987 0.0163518483495177 0.0672592250712701 -0.0688330707234821 0.063561009792327 0.0615529362889121 0.0944275936727165 0.102876343210853 0.0878681327242458 0.017557749995975 0.00552130132021618 -0.0994123533711137 -0.0729950799746855 0.0751751495451601 0.0230907593330815 0.0230960530065385 -0.113189324787165 -0.111539086855126 -0.153501760752749 -0.118869950665917 -0.0453946162851966 -0.0984507315017279 -0.077827085820284 -0.0451767315677119 -0.107543029304794 -0.181615763887689 -0.166679457341972 -0.181795006570959 -0.0714060930073026 -0.0703870589264905 -0.0633430386805983 -0.161603572329246 -0.134832404042146 -0.136676195671209 -0.16318637452207 -0.109556327964287 -0.215363371205747 -0.0360817330813888 -0.131872846413508 -0.0914239224769987 -0.0158042265868076 -0.0319390705008248 -0.115506902135154 -0.041010786560632 -0.092159362228979 -0.0246387585740623 -0.103282840297935 -0.0807263697547513 -0.0156889771128607 -0.022941302443997 -0.0558609968613512 -0.0140653742052752 -0.0243851458663941 -0.016535118945968
16 -0.00740919259226805 -0.00889655230535878 -0.0194238998084155 -0.0701363527504813 -0.0266269184454126 0.0439837868410851 -0.0236980291369214 0.00384634502328526 0.0121832363312915 -0.0287602988112918 -0.0214702110892677 -0.0199733849227056 -0.0447260261297259 0.0187767575002433 0.303565186226646 1.1263970291926 -0.106519782100067 -0.0950794511377308 -0.188657332121205 0.280717661705807 0.712757723278082 0.195874263358915 -0.117668877008126 0.131061775518614 -0.0482261558889427 0.28115058405498 -0.0424528810826535 0.638622989326696 0.0258378820894274 -0.125277575668873 -0.0756962748705741 0.0340561051025404 -0.0108969204399482 -0.0435735380907522 0.00319282271970607 0.0320830293652148 0.0359194595917225 -0.0122903239215192 -0.00236190520429968 -0.00750010295351202 -0.00498527286952009 -0.00366621356367766 -0.00451657344830643 -0.00270033874299296 -0.00050697064029273 -0.00354669824534011 0.0344691355017762 -0.01378451176951 -0.013322622406297 -0.00442895069642511 -0.00164438712244049 -0.00778333541562211 0.0353339674049479 -0.00725895070539542 -0.0495955680781179 -0.00981553975839249 -0.0889277118082237 -0.0490673303095387 -0.0570795562844938 -0.0319336043325492 -0.160701259547023 -0.0533041051188916 -0.0206029990578592 -0.0370003152315502 -0.0293416668104664 -0.0177993293857097 -0.0992710657064474 -0.0620210429233777 -0.19276903714764 -0.0235415139922253 -0.0473556152071343 0.0226270486335517 -0.0209334841975569 -0.0552684434929745 -0.087542347550063 -0.0361431122652287 -0.0624736122519808 -0.0233251755966896 0.0192609295944938 0.00251694995431899 0.0115240783955247 -0.0792272232737451 -0.109791503630128 0.0048267567816876 0.0263381565551044 -0.0171237616516959 0.00230544801861367 0.00296234216291018 0.0644974297151062 -0.0125789424416622 -0.00808485202586218 -0.0254364575816674 -0.0749445415605589 -0.022882908041054 -0.074869038158229 -0.091050808286195 -0.056595099048429 0.00197990917679579 0.0554403220928193 -0.0699944034959772 0.00656971313821385 -0.000570528455347021 -0.0514582958481787 0.0821214478786999 0.0344135565815091 0.146109297449278 -0.0213027556934736 -0.0250860470047338 0.02150796292108 -0.0153627759557044 -0.0272334710663945 -0.0234427991497256
17 -0.00316973104763648 -0.00584741504610122 -0.060266041593283 0.00882375189751966 -0.0553700907514764 0.119619707397338 -0.0503113613038967 -0.317985528051562 0.0607399948969425 0.0956160113642984 0.107225206191391 -0.0229156915004199 -0.12662992770191 -0.406335408608912 -0.0248563656958644 -0.106519782100067 1.56846523336057 0.205174578967767 -0.0502362905005657 -0.0677814603391621 0.0246001957024751 0.142628963813008 -0.00621548249124835 -0.123643020732858 0.578601315072355 -0.0941122646979963 -0.0168635730037518 -0.133843480103722 0.219046593078745 0.495323988521544 0.329382047806775 -0.213375422309987 0.182939871116644 0.573684076815325 0.00723415810133948 -0.00636805105898634 -0.0428868510514328 0.081762793518228 0.0504086468725921 -0.0376319647422685 0.0178751402528864 0.00229374212226429 0.0014930745610616 0.0590348113162486 0.00675315664105462 -0.0142715828971258 0.0107803471145995 0.0521757171358842 0.0703929665067121 0.00220623471758532 0.103436970937413 -0.0119170597745144 -0.132012518039386 -0.0224651411486555 -0.144480005891986 0.320372058970808 0.233857297016429 0.287534678308051 0.221247618960985 0.229609648228004 0.256271614448481 0.272918156590898 0.193900364753904 0.191717071979655 0.185997147916336 0.207160848263768 0.198969791112507 0.314577699121282 0.469847990590664 0.124861384870773 0.227023275230521 0.183156297750932 0.223973230182826 0.160041451954769 0.0126370250663421 -0.0844351085568488 0.0103978633481538 -0.0701676934053999 0.0363785567564621 -0.083402081099657 -0.241197278906027 -0.186841059416733 -0.145292242293668 -0.212063427085502 -0.154967706460186 0.00860169214026201 0.138705578091635 0.00130344363239916 -0.210108917664867 -0.395797381395274 -0.297183027815751 -0.445042606935367 -0.357428918362448 -0.275308206527978 -0.266373169444594 -0.199465570188054 -0.342376931623855 -0.423714828321991 -0.321629841467077 -0.200908079568539 -0.213663105537813 0.0125951883553724 -0.141119044324936 -0.166767688154701 -0.249264086590645 0.0261319860678461 0.0238462688027436 -0.0221302781545203 -0.00377738084937979 -0.0295642680187238 -0.0416145394445153 -0.0528193888323719
18 0.00663028427254007 0.00590596353027723 -0.0298782203091636 0.371600956743237 0.0463303340024052 -0.0247936583942548 0.0893354919872178 -0.379837869178497 0.0256879545564929 0.0277232921322221 0.00292614991817527 -0.0029328506446175 -0.0552607426514942 -0.272352388527736 -0.0401522433297458 -0.0950794511377308 0.205174578967767 1.53439221291577 -0.00465289083557516 0.0436862906851557 -0.129744184367505 -0.0638228983419841 0.137609870031645 0.235783902380604 0.484949346905484 -0.0514429614684752 -0.150618360823427 -0.134835970757673 0.214055340791699 0.0460396696152716 0.190043143982855 0.317220757089715 -0.255671202265572 0.399295925309034 0.0109021899097973 -0.0044442763425459 0.0137587489978968 0.00398509195629634 0.041662455305472 -0.0188345182231029 0.0195238506697991 0.00967901292394622 0.00915538006584393 -0.0161583941918158 0.0121550291478544 0.00651227895627624 0.0591285076016142 -0.0555236976884011 -0.0204072205583072 0.00916983991279657 0.0247517116436477 -0.000154196671639233 0.0508106827613034 -0.00959144006694928 -0.341865985527214 -0.170187658454755 -0.197466769211317 -0.195485856431379 -0.0541315136248573 -0.272934882609989 -0.122370418482506 -0.178588040779076 -0.241483053714544 -0.0502983130071875 -0.100697385055005 -0.265499667238558 -0.279828831643454 -0.0704857862448802 -0.175986892740099 -0.0778227091608552 -0.152223399511573 -0.222618713631101 -0.181805889682526 -0.11394480805749 0.0599343880350192 0.00541657061350726 0.127749883414163 0.0386074322351216 0.11016297902106 -0.0427224680068838 -0.161916647335426 -0.271144589164163 -0.0676079910187944 -0.202928162209587 -0.421392748449029 -0.0156800711745675 0.0871573222713946 -0.0990466085606136 -0.0332544549374247 0.057006885269282 0.00331490869877936 -0.0391537874182838 0.0165115026176271 0.0337029577333771 -0.0783855655879076 -0.176009574940054 -0.167118155432372 -0.166436924338205 0.107368412479522 -0.165885904342931 0.164530772393033 0.00748760218650354 0.0276009124795049 -0.0452508885097145 0.0630864850222272 -0.040218229731406 0.0304329885531931 0.0981487306068937 -0.023973679126268 0.0160462256833179 0.00375435255876024 -0.0258752818594909
