1 0.0173428441812214 0.00662362658973317 0.00443056921136791 -0.0284240295009292 0.00485176857162062 -0.0288220421868823 0.00863222854724219 -0.0182950337698617 0.00401206308561504 0.00974532428959692 -0.0311884021586355 0.00748975318920656 -0.0113335316871781 -0.0281515176935377 0.00190464604422182 -0.00782950268202425 -0.0131798905023906 -0.00215319225188997 -0.0261948559944316 -0.00337217631598804 0.00332137485317566 0.000745226378610607 -0.0222544800650203 0.00872315907464976 -0.00202366200156931 -0.00372363523540742 -0.00546956836816788 0.0025879490845391 -0.0100038247544531 -0.0193898674437427 -0.0043538477381557 -0.0188281993120749 -0.0272791925904399 0.00682732575873501 0.0160977323601477 0.00690343220357328 0.00857620249879357 0.0042568572825861 0.0100623830842633 0.00670960931093342 0.00749922106665595 0.0146163478646074 0.0158609621403875 0.00669431055162056 0.0134245627340321 0.0156952185114164 0.0175671594976351 0.0139414734270808 0.00144289481338373 0.00624155403415036 0.0143861506504736 0.00604393857718821 0.000837577850161986 0.0144008124218939 -0.0271787979846603 -0.0329182958078142 -0.0243998026028555 -0.0359960055255514 -0.0276822982857021 -0.0205915553386437 -0.0111967596649369 -0.0217298506211489 -0.0314130717939713 -0.016044991740379 -0.0213643605958784 -0.0205193027053077 -0.0211718813471258 -0.0132602805489563 -0.017352506456325 0.00548607415768325 -0.0120166722272904 -0.0238320725300207 -0.0189618826098605 -0.0215394528934361 -0.01934201873906 -0.0245932911562366 -0.0242864299530784 -0.0248595960418548 -0.0209126658881448 -0.0151072149965557 -0.0206185758002928 -0.0179465500949248 -0.0194470895935887 -0.0261049409972009 -0.0238066076344373 -0.0196620341558807 -0.0279282999148075 -0.0254180201409953 -0.00423528283986859 -0.0134891912859329 -0.00190005097634436 -0.0110012573144612 -8.82590406802383e-05 -0.00891172774026678 0.00276223592262602 -0.00854769345552174 -0.0123559835165827 -0.00579651920673786 -0.0146993794263449 -0.0184732981681988 -0.0109573903780814 0.00694792789143777 -0.0101955756523115 -0.00289925590445882 0.00413256128663995 -0.0106270075644422 0.0155170268791805 0.00855184005951349 0.0124088711013931 0.0156015908229346 0.00654257974025147 0.0195068999529836
2 0.00662362658973317 0.0687153583685871 0.00460879038950575 -0.00899013618463458 0.00576318575281896 -0.0389978100772764 0.00950439321166559 -0.0374428732752715 -0.00147913691281153 0.0099626347475522 -0.0589214544874762 0.00879285584633196 -0.0147615443134022 -0.0375071601743193 -0.00280550056170603 -0.0102593403831122 -0.0232011121085932 0.0477680968505941 -0.0319648367588153 -0.00510604546842908 0.000925270904339055 -0.00371044610724003 0.0470032636423905 0.00490053806678922 -0.00869286935341779 -0.00617692423418268 -0.0104022054167636 -0.000145058456979213 -0.0153895703896457 -0.026525280293234 -0.00618956074386742 0.0230165191579436 -0.0324324183576216 0.00211812141383129 0.0363159217695255 -0.00381977894756942 -0.00472087774211979 0.0387983340684348 0.00329011171808116 0.00596106159402697 0.00782417530423667 0.00574011044670842 0.00643956124363748 0.00672087578992777 0.0532439369255105 0.04005767647532 0.047969211597002 0.00227142663816742 -0.00876208758073852 0.00674945099926349 0.0372016976402747 0.00648351659461679 0.000796152014874157 0.00147197845649745 -0.0411066150090496 -0.046222541822463 -0.0405802465871731 -0.050246718570323 -0.0401417737080923 -0.037422557990776 -0.0206395733193307 -0.0359676059124534 -0.0426351738313896 -0.0284158602898183 -0.0316511112183716 -0.0290428676771728 -0.0325246650076524 -0.0313478130464775 -0.0284593530473183 -0.0199681520263465 -0.0189862719289905 -0.0450708890542609 -0.0340779814273492 -0.0316368244451043 -0.0318362907689946 -0.0371022219567347 -0.0362703522060421 -0.0362928786526768 -0.00648410079093801 -0.0262373882476964 -0.0316566165322385 0.00158293037517589 -0.029338482329832 -0.0336439687943936 -0.031962106009092 -0.0260291332505851 -0.0390022126652819 -0.03485825470438 -0.0189934186322778 0.0067153551936084 -0.0106076538387052 0.00639942168194731 -0.0117252945118208 -0.0187867401092762 -0.0128307393758933 0.00483740018684838 0.00765222693392497 -0.0180066078863513 0.0144879642427971 -0.0272724789387868 -0.030123041687645 -0.00324058618155224 0.0164625887734699 -0.0184224758165016 0.00338295562725706 -0.016234622845985 0.00749732542006869 0.00785823508922695 -0.00152190258910785 0.0154269143333674 0.00594340160192423 0.00277911520214267
3 0.00443056921136791 0.00460879038950575 0.268845488449398 -0.0343755010942502 0.00429704646814008 -0.0427625939517176 0.00762822795949986 -0.057615115584234 -0.0390138205077589 0.00675750320493438 -0.0153590265161009 0.00964549259562077 0.0573897107124824 0.070553924800506 -0.0238267501550556 -0.0234862114090412 -0.073301335608498 -0.0435727153552549 -0.0645386195890535 -0.0184623455940027 -0.0111293635005567 -0.0263063410517084 -0.0607276439741594 -0.0169195530930356 -0.011225301605172 -0.0182099818606157 -0.0385778917159535 -0.0131402309235732 -0.00378539962125337 -0.0100636697810886 -0.0164074103290474 -0.033737931265771 0.00389449315192142 0.0393840550221931 0.00845055021597861 -0.0019537508357202 -0.00344976522404245 0.0289183774354136 0.0447617256180185 0.00702151006818243 0.00318055475073547 0.00197143500825504 0.00352350240635182 0.0383836032009984 0.00133742068778003 -0.00389500996991269 0.00421867453779783 -0.000566394787400287 0.00622184373354539 0.0129207843433155 0.0254772296967956 0.0136571141331274 0.00372858568744312 0.00885877639478803 -0.0778907962762772 -0.103534943153064 -0.0892496602379257 -0.0457226443359681 -0.0555967642712288 -0.0355258569914156 -0.068185460889 -0.027591674839945 -0.0590931152885693 -0.0622265342575359 -0.0860846538148851 -0.0677217491137053 -0.0925869859923051 -0.0816552206020807 -0.0737143683774162 -0.00783500709131912 -0.0556641306084497 -0.106304045377401 -0.0897727161861197 -0.0204459780805082 -0.0133536927144645 -0.0148521863164834 -0.00802610267616786 -0.00669243332120774 0.0013423934782642 -0.00838467161232612 -0.0192161180712566 -0.00744444935638836 0.0160460260998906 0.0285050450100742 -0.088513502668361 -0.0175718856702741 -0.0148827606923428 -0.0893854103468122 0.0408253016408292 0.093010548667112 0.0851256723634145 0.0777799120757337 0.0243795978464276 0.0884329536493687 0.0992376675643506 0.0629460315397414 0.0847653774087914 0.0888330115809278 -0.0483516118569313 0.0713501609281767 0.028258046978598 0.0217733337967639 0.0100871711712391 -0.0132308309220606 0.115384684133069 0.0335586796872425 -0.00912115235794865 -0.00357418297399428 0.0701225095256573 0.00747749704874949 -0.00447426098439112 -0.00862795777373841
4 -0.0284240295009292 -0.00899013618463458 -0.0343755010942502 1.13813347981683 0.000408183908512896 0.224114313741547 0.0146924313139213 0.279727032881757 0.0422961304048954 -0.0550658864283292 0.252024847571765 -0.0374345843473469 0.302236904672471 0.201314846384454 -0.0733117653247688 -0.0500698833738071 0.0504436832953064 0.353875798797678 -0.0250436301464941 0.0166901844556104 -0.0617349740227677 -0.115448001615675 0.1760228757514 -0.11899872626091 0.0280504204987402 0.0145003948125216 -0.0950518553459542 -0.0750867842392467 0.106376282156998 0.228648462690436 -0.00681562426674285 0.198121664830789 0.118221649312587 -0.0682881151711204 -0.0176175029431225 -0.0331000037538007 -0.106129725604446 -0.0203385858689353 -0.00329538323199961 -0.1162665972801 -0.0311168608433837 0.000879298450058927 -0.0225378786257075 -0.136536241550469 -0.0053820938267642 0.036026727087446 -0.013957909399908 -0.0830474396947161 0.0102384539140577 -0.0203488026571268 -0.0983640806612684 -0.0158102112125028 -0.030657134698913 -0.0701971091546597 0.186208828956404 0.0573742743845153 0.184403160078572 -0.0095102837104853 0.0180035436876321 0.177928295571445 0.103030648878239 0.164420798298014 0.0594651733850898 0.0392857267546102 0.0722092575176049 -0.0360069378118092 0.0222723138078463 0.133763609419538 0.0762617134933367 -0.0150139623274102 0.102654786051183 -0.0164531794022835 -0.0472661007877538 -0.00232622598965861 0.383418528658237 0.390644871462383 0.4408990762353 0.415761607415892 0.355421890904377 0.350664506625076 0.329934589000056 0.395669595105094 0.404949694432635 0.351147344310718 0.34206817004026 0.209221687965288 0.23011369460686 0.222070606988244 0.1377213006288 -0.321062204587456 -0.339916000883703 -0.257425486522235 -0.238455584489134 -0.224579330296812 -0.372256201926228 -0.394477494353422 -0.284020274816133 -0.266023393988078 -0.133323122747635 -0.127951499917709 0.095009091219066 -0.189414036316636 -0.0353667427373527 -0.122880215742279 -0.261002801149793 -0.0649202279060899 -0.199194634985527 -0.139514506778018 -0.197919981281624 -0.160260495201159 -0.12942331194329 -0.184265891044569
5 0.00485176857162062 0.00576318575281896 0.00429704646814008 0.000408183908512896 0.190518493131963 -0.00573194468542632 0.00867055023963049 0.0487807986298082 -0.00825324147842534 0.00730826967167045 -0.0196686266303116 0.0101299329616302 -0.0201493879246904 0.0171709334259753 -0.0200448993050761 -0.0212709145294387 -0.0480677793355258 0.0390443726725905 -0.0459992940504326 -0.0129254765132974 -0.00968248170557007 -0.0206842244461018 -0.0461530486576683 -0.00537129829632984 0.0339682906366849 -0.0156999349619554 -0.0251011307606584 -0.0127075620170801 -0.022737174200509 -0.0438904381828175 -0.0121582381538588 0.0415875255011801 -0.0441317420322291 -0.00773878323605465 -0.0024421904200823 -0.0084217150376929 -0.00841918531534994 0.0324138126250475 -0.000912297083003627 0.00211080327864225 0.00510394202551873 0.0036639656785895 0.00440408761241865 0.00764973095044736 0.00259174069411659 0.00147468290111005 -0.00160682166269775 -0.00485875949812572 -0.0197504159809095 0.00433172307937278 -0.00239760470325239 0.00346281849109806 -0.00161151442037344 -0.00217847943866164 0.00766070003851623 -0.0271189469847249 -0.00726885776592877 -0.0318242838749071 -0.00102619064981598 -0.0286914981950503 -0.0446320476573049 0.010438787525793 -0.0211595751043432 -0.0110053373160256 -0.0571862589396681 -0.0506263701054913 0.00111614462674376 -0.0528023510143573 -0.0572119254837422 0.0267465987735209 -0.0383070324477921 -0.00671413478783997 -0.0183588122711569 -0.0541523567608756 0.0301203325046416 0.017193517884481 0.0201364653835607 0.0170505597206756 0.0269328761134749 0.029903627633594 0.0254024280780642 0.0418975427841831 0.0382892436201279 0.0278832495264966 0.059583903809815 0.0578750634141709 -0.00856890501631709 0.0194415063582385 0.0608382929236213 -0.0124737132344099 -0.00575621722447918 -0.0110431859357188 -0.0124457085477704 -0.0150912594606337 -0.0082951475222805 -0.0378681498924527 0.0169503778514384 -0.0135504101090085 -0.0188922698655706 0.0139252577917459 0.0249928884136667 -0.00586802613679464 0.0170393567703776 -0.0273113052371593 0.00998193726155031 -0.0296393802521777 0.0065822001466674 0.00740184877680991 -0.000402159112005315 0.0179317929920072 0.00533018604799608 0.00290284029965118
6 -0.0288220421868823 -0.0389978100772764 -0.0427625939517176 0.224114313741547 -0.00573194468542632 0.994899328179702 -0.0559856299691539 0.120943281348355 -0.00199520634065779 -0.036305505786076 0.186687049682793 -0.0370750574867903 0.127115963004903 0.0910577553483121 -0.0269532819724102 0.04462102258756 0.154443846852036 0.0469731225355027 0.182281921490566 0.0673173375449509 0.0168696099387268 0.13831941914576 0.0807819121983208 -0.104440421415354 0.136823641009562 0.115740344670586 0.0226136274369391 0.0286348036825239 0.0939181138263546 0.23071452677761 -0.0480315478111642 -0.0141829315220001 0.188996219624086 -0.0547625118151248 -0.0323423121857798 -0.0494238718991087 -0.0800311329244817 0.0128095876823903 -0.0116614736201581 -0.0526262749562369 -0.0298385677596297 -0.00192253550959749 -0.0237047887284095 -0.0460721741332919 -0.0296712744772982 0.00168528116131682 -0.0438340752447347 -0.0762447522244105 0.00947327487125685 -0.0220398526295629 -0.118961142091256 -0.0335357983851916 -0.061403762339086 -0.058234088193152 0.215797008502822 0.227551296513198 0.226738602561803 0.119485588106988 0.096280770790952 0.15632936125585 0.00797888877884504 0.224476320683841 0.165468557361825 0.110783969002078 -0.0435285434269091 0.114042518522792 0.136975217637926 0.266925550319079 0.172973433619676 -0.00271795696456305 0.1630839895002 0.203048896457093 0.0924237549603464 0.0415638939715597 0.215063390428545 0.221499770271111 0.24375987240354 0.176457606806152 0.173911554346109 0.186300106894282 0.132592586012459 0.146797166484754 0.192325717076825 0.287874670768673 0.261482085877495 0.216148214182806 0.200539843376049 0.0648175068541732 -0.0363595285672559 -0.253716765248519 -0.270902748297802 -0.264816943591286 -0.190426256306909 -0.165324101129735 -0.28258752700313 -0.190470910051366 -0.271506694149997 -0.227608224281289 -0.184569675862506 -0.0581046875831566 -0.0360611871273526 -0.176916859265907 -0.0839644120845822 0.00201474394600342 -0.0721330448005218 -0.0628149722520338 -0.111680640563497 -0.14332795950406 -0.146364889578568 -0.144826211681805 -0.0639590053586899 -0.0998700669620028
7 0.00863222854724219 0.00950439321166559 0.00762822795949986 0.0146924313139213 0.00867055023963049 -0.0559856299691539 0.198430532699798 -0.041911340909704 -0.00350449783669803 0.010879207812279 -0.00764761222535118 0.0128656281995661 -0.0168728959984319 0.0237614692694821 -0.0160814129109243 -0.0187308905997648 -0.0434769851120735 0.0772122697753898 -0.0421608203797712 -0.00966764703301192 -0.00741997843513476 -0.0165730144873893 -0.0416369214480404 -0.00234823253601155 -0.0194258315461451 -0.0127072333805927 -0.0212226344926128 -0.0100259911902904 0.0637277226978181 -0.0396287550836807 -0.00893983317395087 -0.0363882225396897 -0.0398559662690422 -0.0043861288182609 0.00207864178430728 -0.00383905487585949 -0.00356772925317402 -0.00374340872658386 0.00360705885146296 0.00659772398047047 0.00928957328868867 0.00743859906476553 0.00822022869785563 0.0119717252042045 0.00704472486683685 0.00624932173025603 0.00308612416762957 0.000556408407283104 -0.0143512638761308 0.00853033288836167 0.00333679069184739 0.0076351572889825 0.00296078457418304 0.00229587573561135 0.0172576886497955 -0.0690524186549394 0.0105456519738819 -0.0143646096656043 0.019181064580529 0.0036216648130415 0.0459601203450806 -0.0545887848849129 -0.000789990027715076 0.0074476492432694 0.0279169875689195 0.0372480293410249 -0.0506057077951596 -0.0475911429467172 -0.0515333314574599 -0.0273925489715244 -0.0341299072884902 -0.0621654363387083 0.000241372452211962 0.00992419902063454 0.0335734218373393 0.0136773100032367 -0.00108642186374491 0.00403634861454987 0.021573138831541 0.0323543478456459 0.0116969058652157 0.033930063111936 0.0259667002255371 -0.0374801205188472 -0.0353756412202445 -0.025531847199936 -0.0533231578118711 -0.0459262351734 -0.0233053457380486 -0.00789200641815571 -0.00117143769551385 -0.00554850095309663 -0.0074288731194931 -0.0103546235503762 -0.00269536505362785 0.0267465529463993 -0.0147878802502428 -0.00873309134559903 -0.0149312772719286 -0.0305764288870829 -0.0341960352546844 -0.00136239422757182 -0.032056855629975 -0.0223287620118849 0.0129329162885838 -0.0251230991667718 0.0106251046802958 0.0110915432174991 0.00370334037810133 0.0211907245206828 0.00880347563435353 0.00621511962901472
8 -0.0182950337698617 -0.0374428732752715 -0.057615115584234 0.279727032881757 0.0487807986298082 0.120943281348355 -0.041911340909704 1.83739390983927 0.0889304001807308 -0.0433082304820666 0.640027938499262 -0.00735464449854661 0.582190028791317 0.661952780275508 -0.103756955180759 0.00581200515504349 -0.140300525521031 -0.278255138087456 0.0928839297161639 -0.122479877593551 -0.013875036300872 -0.142057713839893 -0.0208978750097107 0.125507360937132 -0.390444079131692 0.075371464161848 -0.256068229238283 0.0254850260644361 0.462926781457641 -0.0860183664774595 -0.18988175494012 -0.174077535527526 0.0234097747697561 -0.372261289207107 -0.044683267664419 -0.0774917285911953 -0.118423442853183 -0.148661420631897 -0.0150209898521639 -0.107557630156278 -0.0360501990323464 -0.0407209154863895 -0.0215955404012423 -0.190948586071954 -0.0396345345261132 -0.018994087666965 -0.0675312848225618 -0.0175087613178487 -0.0762050391262307 -0.0234151421154099 -0.151593376095402 -0.0367840118104459 -0.0912431221313397 -0.0473334727779642 0.703376753141268 -0.0694594620521236 0.232519807139118 -0.291825429084954 -0.208407808244843 0.332573589568501 -0.266159932217752 0.57716837336894 -0.0279546022841373 -0.0180314381684338 -0.156387331074501 -0.0429890607073711 0.081635533736368 -0.191092672606568 -0.306190736071204 0.172547041696038 -0.210888583492105 -0.0282582685045369 -0.0970075369137602 -0.230400674392595 0.883522977237829 0.84946489335598 0.857352266442887 0.900214687315807 0.69999847805239 0.893794157617052 1.00762637355855 1.0277893554796 1.04332445577447 1.03308989918849 1.42988378238706 0.832552935681144 0.198864488165064 0.776146715502435 0.735787679359466 -0.398653284956303 -0.387948222728342 -0.403878661520211 -0.446283959087512 -0.297871552873664 -0.324566564821631 -0.552553768601944 -0.594374924682561 -0.219992773747441 -0.164244573703845 -0.278672853143519 0.101385969024195 -0.191613045626446 0.093041917890179 -0.11872192828796 -0.228046570247591 -0.372034552765113 -0.114937868095114 -0.170807829538524 -0.236651872710274 -0.170524434764173 -0.0199444808982782 0.13117783745673
9 0.00401206308561504 -0.00147913691281153 -0.0390138205077589 0.0422961304048954 -0.00825324147842534 -0.00199520634065779 -0.00350449783669803 0.0889304001807308 1.2480759467394 -0.00350564186073995 0.177482980290966 0.0148407347701227 0.0527744980248937 -0.0383774493860444 -0.0121737226934702 0.0256154825079178 0.0184321742518745 0.0181199228807634 0.0168163951648987 -0.0147432015597888 -0.00523626524591445 0.0180446372150269 -0.119546612201608 0.0907228684068225 0.181249738749574 0.0575241710041066 -0.0189934893336643 0.0671958932640717 -0.0582880407789421 0.0358938939633897 0.0900414628732932 -0.078386624343546 -0.100236161556628 0.155401024611866 -0.0231088333140528 0.0361555502539389 -0.028477266004864 -0.0287462730364328 -0.01966277263412 -0.0511291915438002 -0.000113593482158817 -0.00816216937669753 0.00293045942885008 -0.026668210575563 -0.00639350463184708 -0.0547597892646786 0.00763796862535008 0.0209715609630659 -0.0326018657571559 0.00347130407684832 -0.0995526411428699 -0.00458985994741576 0.0269954355714042 -0.0362844730210378 -0.114644043845531 -0.161719302503315 -0.0101339484505488 -0.0685433447347063 -0.0816505217434136 0.155273693347149 0.0539305839491968 -0.0419270160371033 -0.19350216188263 -0.0759761765581475 -0.0222210167235035 -0.0492998689419345 -0.00682856340307276 -0.0843931352567008 -0.165037015202627 0.0502396347366716 -0.0619804582934465 -0.181589399919985 -0.0504948355521293 -0.0109989594030912 0.197266538022682 0.130697792855936 0.247981655861684 0.220647550306344 0.171845767068782 0.138996852195345 0.0969351428012146 0.204751603515405 0.23190789614032 0.162631154800078 0.15042046315025 0.147864954773226 0.152673628475998 0.0901389316349601 0.0999066282152918 -0.146330072012342 -0.116262016098023 -0.109123761486731 -0.13543594201587 -0.113793889537557 -0.110615974982114 -0.156041354209405 -0.184620164494878 -0.109265098515722 0.00913645082607642 -0.125585197294859 0.0258705917314303 -0.140110797457563 -0.0440510644348649 0.00581326013139942 -0.17682698479584 -0.0783251918372206 0.0853489069881045 0.113583038784816 -0.0660592183692033 0.0701189156009854 0.0375410717914491 -0.0427154544338094
10 0.00974532428959692 0.0099626347475522 0.00675750320493438 -0.0550658864283292 0.00730826967167045 -0.036305505786076 0.010879207812279 -0.0433082304820666 -0.00350564186073995 0.143561684246152 -0.0169581016826994 0.0106643309475496 -0.0181655230394654 -0.040559029210191 0.0275861753462093 -0.0178889636130099 0.0310426432061202 -0.0192400804952658 -0.0428331813799965 -0.00834524084287678 -0.00647748393246136 0.0140162433337455 -0.0396474009637189 0.0309362693020944 0.0511748272360278 0.033872372092572 0.00634963393538058 0.044272929350761 0.0365387203269315 -0.0380754800040936 -0.00916703085418642 -0.0265328503725335 -0.0408531670870859 0.0833782226895639 0.00622154847248064 -0.000552849883219858 -0.0010868554013041 0.00038193372759959 0.00716064990607439 0.00949060931807429 0.0115414229320315 0.00927276683872059 0.0102093323992886 0.0125510451162626 0.00954844615283264 0.00895278634362048 0.00555305343821206 0.00499635642946818 -0.00946660823246968 0.0105276934417062 0.008594220506176 0.00977540511909596 0.00407148029012675 0.00467863646200493 -0.000486884467146574 -0.0240900172520521 -0.00651658528356143 -0.0172690640693656 0.00761320054839454 -0.0445454138149809 -0.0230854517571189 -0.000276432631815345 -0.0060486066786648 0.00758547007385496 0.0144531243895206 -0.0307754262855073 0.00797558271384584 0.0155953540577927 -0.0361528190369019 -0.0149321928698868 -0.0327265506390766 -0.0462657023789815 0.003374232233311 0.0186506960099038 -0.00409966597097298 -0.04971740989871 -0.0214657058384622 -0.0477436014159896 0.000249017672789259 -0.0357629277653115 0.00374273135975788 -0.0385874582005362 -0.0370362193990814 -0.0405868059069742 -0.0404376361230708 -0.0299373456250297 -0.0530541804106437 -0.0460623265012362 0.0308856653701377 -0.0130354890559063 -0.00408612706310317 -0.00852944073862829 -0.000491440706769963 -0.0132648572565732 -0.00676423811412589 -0.0230134132244471 -0.014494063524525 -0.0117216600684715 -0.0170367715017433 -0.0310056646710493 -0.0261854845751136 -0.00140488982491377 0.00814614381552411 0.0171324725702578 0.00627393174661814 -0.0235280387168224 0.00980798673957689 0.0097051261283186 0.0022187248674526 0.0194203080652884 0.00786682286840514 0.00369142190471231
11 -0.0311884021586355 -0.0589214544874762 -0.0153590265161009 0.252024847571765 -0.0196686266303116 0.186687049682793 -0.00764761222535118 0.640027938499262 0.177482980290966 -0.0169581016826994 1.31100255185183 -0.0396000227918386 0.319211405982251 0.152753071108886 0.0219064353379802 -0.0147799270478062 0.124633114558009 -0.0552089664766374 0.00358809513796174 -0.00907213509288207 -0.00726380832979276 -0.0736645442257209 0.0459313902761549 0.107397109775383 -0.0243212380112389 0.0150888510833633 -0.170600778973681 -0.0120708921729395 0.277977910329232 0.0383695694985654 -0.013943346768635 -0.0793100778981593 -0.0488571031872602 -0.184086527067992 -0.0496678778124113 -0.0655541692105774 -0.0934551060458931 -0.143217555511287 -0.0126083347395263 -0.130138937726799 0.00560409312986182 -0.00773683603309271 -0.0276449044555978 -0.120446644862008 -0.0464588215569512 -0.098392074911804 -0.0511676108272009 -0.094831647674953 -0.00492913727237019 -0.0257642404816904 -0.223892989734397 -0.0458825728105534 -0.156714941113459 0.00162958918076606 0.405320331148786 0.235139900352295 0.226823180071014 0.0644538359030764 -0.0534093953730125 0.298215398996878 -0.0217201589342602 0.400716625131387 0.155888319927412 0.0701285823427694 -0.0234218510919272 0.118275837532155 0.241048711887675 -0.0125835025168263 0.0478644375014019 0.254537475906988 -0.0348215462455045 0.0911569867094435 -0.00421071930836975 -0.0551788919674665 0.498736242580577 0.569941260381054 0.626069161890879 0.573796583527919 0.450031513134 0.469174977524082 0.5031149542549 0.450628844697768 0.525802059469098 0.441859459375945 0.474004133972013 0.492244125511808 0.449566293538503 0.386567356393641 0.381355436922455 -0.355478233701131 -0.315139020313857 -0.466265764836775 -0.415772192194079 -0.286308185067384 -0.547837517024697 -0.252136864014806 -0.486251928876852 -0.317446798231022 -0.13761972076765 -0.353501806271925 -0.0107771789398126 -0.248653305681227 -0.033785533119242 -0.0586509367259737 -0.448264146219057 -0.10455291935629 -0.112041320455416 -0.0701062721285694 -0.0465887451089024 -0.00550943566179498 -0.0585962461916656 -0.122069892559117
12 0.00748975318920656 0.00879285584633196 0.00964549259562077 -0.0374345843473469 0.0101299329616302 -0.0370750574867903 0.0128656281995661 -0.00735464449854661 0.0148407347701227 0.0106643309475496 -0.0396000227918386 0.0139331686162821 -0.00287353936806992 0.00199580933244032 -0.0129909682891327 -0.0160961084250135 -0.0265028653670998 -0.00899150214872419 -0.0284807586516083 -0.00605725227847441 -0.00527010712114834 -0.012232570645433 -0.0319970941878301 0.00643141026790525 -0.00515576621914689 -0.00942517751546669 -0.0112035804776452 -0.00863858789747815 -0.000138506436307607 -0.0260458197534739 -0.00562417606106954 -0.0142324494457458 -0.0257000384032385 0.00453618080448377 -0.000896736461310259 -0.00301101219094657 -0.00161542674714255 -0.00228007505791494 0.00109471921130976 0.00758168474715346 0.00768114283922409 0.00602080680093608 0.00629763967829073 0.0161646225871954 0.00457458742775188 0.00597531540322066 0.00205446811357029 0.000663233967213522 -0.0131929814176913 0.00644559256093363 0.00542822886723252 0.00581842178942334 0.00706355081678635 0.00225783721108954 -0.0246886913031769 -0.0411225163080771 -0.0259818180812733 -0.0451451229261859 -0.0337853003756236 -0.0183600386076368 -0.023517561656204 -0.0195911144429081 -0.0461323498536865 -0.0224074342216958 -0.0325387002607521 -0.0267381506695839 -0.0266433837667321 -0.0285430176231131 -0.0350585567765578 0.00235852913224415 -0.0213625885320527 -0.0371075516437116 -0.0156741034516185 -0.0284597310909916 -0.00207613129251473 -0.00867442522955714 -0.00988416815812422 -0.00842447700630818 -0.0082693576308036 0.0062120825950163 -0.00219291307833382 0.0028178508193626 0.00376610802088697 -0.00737128661213915 -0.000126045612209452 0.00298947784617239 -0.0233542025236572 -0.0178609337891297 -0.000333636985510149 0.0288354427975853 0.0267212485560277 0.0300042870426184 0.0235039892022247 0.0148136435594031 0.0440541151948159 0.0106897242695733 0.0225442351867313 0.0217922907864231 0.00799455439777532 0.00151207218180325 0.0094324821421141 0.0129613740134358 0.0137444019672125 0.00888617864033373 0.0303172467413615 -0.0120873099786119 0.0195684452489661 0.0175286697242522 0.0185841251672433 0.0277804294769911 0.0142625808284352 0.0139734413561113
13 -0.0113335316871781 -0.0147615443134022 0.0573897107124824 0.302236904672471 -0.0201493879246904 0.127115963004903 -0.0168728959984319 0.582190028791317 0.0527744980248937 -0.0181655230394654 0.319211405982251 -0.00287353936806992 1.60168921081093 0.33723030405694 -0.104494025346249 -0.0267020844533419 -0.110010117272139 -0.133198719277029 -0.0850948504575236 0.11433201043689 0.00918075610416164 -0.0658075385778517 0.00401567659292264 -0.113588874073258 -0.0109765809138497 -0.0982183519441825 -0.15730883544924 -0.013577704891902 0.491256479934243 0.0627930309103154 0.0360813160724822 -0.105952195721647 -0.000654086000447497 -0.0039351877452467 -0.0320992090124193 -0.0440485372413347 -0.0859725738037696 -0.100361356414645 -0.0285600169897314 -0.0635653231489711 -0.0205869317540053 -0.0188715004336531 -0.0120983744066951 -0.0748110501322712 -0.0182179461487395 -0.0506553935094534 -0.0515812353527661 0.000210853990791855 0.0143629435606771 -0.0110341787118553 -0.111875604727896 -0.0173486409211934 -0.0495168971631708 -0.0522740262579332 0.285605448680293 -0.00870513701645445 0.0171797013908732 -0.128764808102072 -0.315561740445948 0.172419213163842 -0.24519542460782 0.256154936745305 -0.229946421764143 -0.0634727804232411 -0.180510552848502 -0.228397358563055 -0.0426990730412776 -0.14761292852536 -0.107747245597989 0.380999886229469 -0.145521658579937 -0.12210430782331 -0.175719188401143 -0.28299448982796 0.428888075060707 0.43520034505956 0.452093319449044 0.416057296079354 0.362812931045698 0.44706259501222 0.501433812456993 0.538403050684865 0.610265373267632 0.676810288331516 0.674767992525571 0.375052182053219 0.195743887289493 0.308159398674362 0.53816135465496 -0.113808153496532 -0.135769643587125 -0.159650981715579 -0.223318913782037 -0.134548715912836 -0.189425791663519 -0.262335748635229 -0.234109100962906 -0.16627720088082 -0.137991959643571 -0.270176283995687 0.280942500162503 -0.0528942289790948 0.0412578961095869 -0.0980478847029735 -0.171993212006861 -0.17239550541605 -0.131237137263751 -0.0917171549299362 -0.164954656349958 -0.0654466902522634 -0.0827217936374204 -0.103918183245115
14 -0.0281515176935377 -0.0375071601743193 0.070553924800506 0.201314846384454 0.0171709334259753 0.0910577553483121 0.0237614692694821 0.661952780275508 -0.0383774493860444 -0.040559029210191 0.152753071108886 0.00199580933244032 0.33723030405694 1.52764690000623 -0.0776120452063981 0.0143725707898232 -0.271585475453939 -0.18135131091793 0.161802117804278 0.053528984690969 -0.00800097516174416 -0.218111504418559 -0.00968754921034949 -0.1727887064299 -0.278347802322742 0.0582212537072499 -0.311236142849741 -0.027458736036085 0.113820839390185 -0.0305203865845183 -0.118711178300426 -0.080093889102697 0.204311123572361 -0.177838740598627 -0.0788587557533741 0.0013105605548832 -0.0637502415707141 -0.0726025824541256 -0.0172747553148951 -0.117323637116095 -0.0631148821485085 -0.0526559800438864 -0.0333785615238451 -0.146521594760972 -0.0521723508311471 0.00346921637111812 -0.0822346720657083 -0.117343306318135 -0.143387808910713 -0.026366591547581 -0.132884100566886 -0.0404107716313908 -0.0197574697055787 -0.0592759702240185 0.240616898346569 -0.310087210260791 0.059446354743937 -0.152255611965973 3.56006803998144e-05 -0.0187889043116913 -0.193574732756896 0.343014028371768 -0.0804824067789168 -0.162329105188129 -0.148525290465833 -0.125736599125232 -0.176105091510218 -0.21284482772067 -0.371186162836105 -0.00382178428747344 -0.276234771807603 -0.0540725429762009 -0.073541774327144 -0.233528172048501 0.357832647337834 0.38650935477261 0.346057267784989 0.439464162861821 0.344220295767659 0.423567228341831 0.525547324034812 0.528555481304307 0.519000975991254 0.574837964094637 0.708482898520526 0.3215629483474 -0.0236523508901817 0.285100964123059 0.279639298849978 0.21917260584372 0.102914453117862 0.232258819412664 0.0280308242634312 0.11343557303983 0.242630445682614 -0.0768457440972522 0.107389981698413 0.240297502182404 0.22407061719763 0.185581021760352 0.292727935620842 -0.148659141015295 0.131530559161126 -0.0988026579528623 0.247013636725599 -0.127249378939491 -0.213879963606216 -0.118550576320357 -0.056087707565513 -0.0111573070465438 -0.165743345794289 -0.132958994167807
15 0.00190464604422182 -0.00280550056170603 -0.0238267501550556 -0.0733117653247688 -0.0200448993050761 -0.0269532819724102 -0.0160814129109243 -0.103756955180759 -0.0121737226934702 0.0275861753462093 0.0219064353379802 -0.0129909682891327 -0.104494025346249 -0.0776120452063981 0.997293742331265 0.271058898942694 0.0150057115629266 -0.0200421092052355 -0.0062334924800662 0.122371549203347 0.357280567355871 0.0628400563393769 0.108777775514449 0.0900281292391722 0.00285290390777796 0.175719021647835 -0.0423868967382869 0.3721948230135 -0.0384177505062108 0.0806797225410248 -0.071121940571553 -0.0480530033856214 0.0934209349869724 0.00589134002114858 0.00718465860805278 -0.0243010517737278 0.00356627184569433 -0.0270518500701724 0.00726038712386058 0.0431877907044662 0.00710766973373148 0.00277482475869002 0.00730215508033986 -0.0159705619641815 0.00841036048455272 -0.00550088818551056 0.00864658808221173 0.0319642021398343 0.0180246430633138 0.00806264322150789 -0.0171990170462599 0.00349900667299735 0.000779945444988501 0.0203948257972143 -0.0176748570429194 0.0121016958933508 0.00570301881687738 0.0196636305171576 0.0800919907259454 0.0378796750999101 0.0806271752241546 -0.0371984141043035 0.0655713630723579 0.10036488872091 0.0967679532230808 0.110833873777531 0.0862529062885683 0.0102208896782779 0.0102216752559491 -0.0490218040817405 -0.0339744752830249 0.0809627275334362 0.0163116733874999 0.0458541872390442 -0.102883781639673 -0.106272599411354 -0.140745334798437 -0.0968969799801505 -0.0523129187578884 -0.100837541934069 -0.0775514818606735 -0.0684547226346962 -0.108520502616686 -0.169133891597021 -0.141100666734209 -0.177583287595156 -0.0662279521577869 -0.0404187004128837 -0.0805934387787408 -0.15286462109944 -0.139882424298405 -0.141056905072528 -0.138778436190681 -0.10687958042024 -0.191036096759783 -0.0515546778940331 -0.135960032960705 -0.0883488226604143 -0.00686938333946726 -0.0593379121636634 -0.109413272995325 -0.0719033973567015 -0.0762547116242376 -0.0480543118452362 -0.106779128293591 -0.0810676013976954 -0.0273280433013646 -0.0154880599145535 -0.0622611604352394 -0.030675316435422 0.0067033727177448 0.000546702704408487
16 -0.00782950268202425 -0.0102593403831122 -0.0234862114090412 -0.0500698833738071 -0.0212709145294387 0.04462102258756 -0.0187308905997648 0.00581200515504349 0.0256154825079178 -0.0178889636130099 -0.0147799270478062 -0.0160961084250135 -0.0267020844533419 0.0143725707898232 0.271058898942694 1.00211699736132 -0.0625998978248096 -0.0695565846548977 -0.148519273090732 0.254237852360941 0.635860853087758 0.191668823748342 -0.0897867560451638 0.117543666533104 -0.0175183962374264 0.254318114761912 -0.0260761761106092 0.570406865631563 0.0405390614932834 -0.106213371285705 -0.0617334863316375 0.0320592607577327 -0.0204396979214747 -0.0135206481935663 -0.00620401712575428 0.0236200242241748 0.0134853288244079 -0.0269229363392119 -0.00576513243537497 -0.013835143550058 -0.00384239479927931 -0.00712176818216644 -0.00489197278928253 -0.011724211660159 -0.00388398488088423 -0.0113726933944474 0.0209052727513882 -0.0223367602408311 -0.0241901363679587 -0.00439273344401763 -0.0158206297770994 -0.00753875850892714 0.0273392551347203 -0.0170905271672486 -0.023696678686558 0.0152355036997128 -0.0595015581077079 -0.032817768949711 -0.028986035169458 -0.0135913033743474 -0.119530180233188 -0.0211380148274256 -0.00366335723583919 -0.0185032110803453 -0.00741073709558825 0.00665518682650986 -0.070989557820513 -0.0495486337913907 -0.158606279850607 -0.011862590788317 -0.0133409259657726 0.0258179519073284 -0.0043133927867596 -0.0231841470908726 -0.0682006294921873 -0.0256822626916641 -0.0482700412793016 -0.0191341715870892 0.0196384251855365 0.0039675933009053 0.0156656860624804 -0.0771355008649793 -0.0952339337207609 0.00998761052739119 0.037205355917019 -0.0201636076940287 0.00925689010879338 0.00494707969668471 0.0451892761272588 -0.0240235765339205 -0.0279899789911342 -0.0405442382419412 -0.0695355644994829 -0.0371699873722561 -0.0702648836694882 -0.09716240118035 -0.0665700532906543 -0.0131808573437861 0.0406597863315192 -0.0662692993767141 0.000826931703491075 -0.013573304620811 -0.0426069786810651 0.0731445781681049 0.030803298260256 0.130164716668495 -0.0433829767433955 -0.0351835391269159 -0.0029495593086301 -0.0189004115107869 -0.0333066181177561 -0.0487984091356959
17 -0.0131798905023906 -0.0232011121085932 -0.073301335608498 0.0504436832953064 -0.0480677793355258 0.154443846852036 -0.0434769851120735 -0.140300525521031 0.0184321742518745 0.0310426432061202 0.124633114558009 -0.0265028653670998 -0.110010117272139 -0.271585475453939 0.0150057115629266 -0.0625998978248096 1.35816528915365 0.129650963769124 0.0109298822616672 -0.025304621251485 0.0501211883500589 0.17108814925771 0.0563133526265081 -0.0657999487914355 0.454336734588542 -0.0523893321192305 0.0691386474531754 -0.0889824773031183 0.14358914186975 0.420521180276623 0.319144944631792 -0.176336334573782 0.202003068686866 0.361937845633642 -0.00986073280199145 -0.0050391877565557 -0.100265380736358 0.00217527481456212 0.0110996338194279 -0.0691510898001554 0.000815420828853327 -0.0194901211421827 -0.00721526067586597 -0.0279092128619182 -0.0114661754215288 -0.0449180799131229 -0.0186456116971712 0.0118217934385859 0.0551773535261948 -0.00550066584900034 0.02967392484111 -0.016506085519712 -0.129377665679643 -0.0661857084587392 0.0605311786384785 0.378677777620607 0.355956580269896 0.377074189560664 0.314288793689242 0.28933155310776 0.317349449309017 0.314876925057958 0.266677030512524 0.227541490954544 0.24165553518243 0.320973609468209 0.261862179074601 0.331378325431351 0.501469386320939 0.160517910547203 0.212971607237867 0.244175722064232 0.225582692945498 0.147199213995694 0.056402952683572 -0.027049631319049 0.0304508656557349 -0.0674618593771023 0.032776505963768 0.00381894374267571 -0.129483882238389 -0.0664605865763812 -0.0615926562776102 -0.0938779019459807 0.0488119816638574 -0.00108596515252752 0.158921840473301 0.0963869980046842 -0.117516206495144 -0.417311528827078 -0.330840926825775 -0.452792438661266 -0.32340686051619 -0.309627329956145 -0.315772255636458 -0.242473960578009 -0.337006149966608 -0.376320441565399 -0.291610811317379 -0.158791265637481 -0.195420075507622 -0.0692058264738963 -0.100678079914962 -0.209321521112145 -0.239785686958111 0.0417329723786168 -0.113347044418769 -0.0980507642076599 -0.125479148256586 -0.0811045905813303 -0.100559640173293 -0.168477853260237
18 -0.00215319225188997 0.0477680968505941 -0.0435727153552549 0.353875798797678 0.0390443726725905 0.0469731225355027 0.0772122697753898 -0.278255138087456 0.0181199228807634 -0.0192400804952658 -0.0552089664766374 -0.00899150214872419 -0.133198719277029 -0.18135131091793 -0.0200421092052355 -0.0695565846548977 0.129650963769124 1.27594339110529 0.0667122863748298 0.0560300098802541 -0.102114290733655 -0.00617539130205328 0.240249107397215 0.226111626565275 0.344819905022104 -0.0313224337201214 -0.0889675161988055 -0.106020139061675 0.100889248599282 0.0170783168750172 0.180940049284106 0.34757778599739 -0.238498052804271 0.206566677754624 0.0208369024644147 -0.00665358228691763 -0.0426982889075527 -0.00815099632490331 -0.00817549762895145 -0.0507841308852649 0.00768084714205678 -0.0068783556380393 0.00187879265840953 -0.0691568250708214 0.0419186268296143 0.0146136818496078 0.0706986359707514 -0.0739856480718048 -0.0417014837833548 0.00298335205433946 0.0173091421644337 -0.00469268983979331 0.0328214466769583 -0.0411207777456209 -0.163571413959921 -0.0706742220554447 -0.0770092238482886 -0.0735141595442623 0.0720893556879065 -0.159103252941296 0.0118905842372317 -0.169570794425491 -0.142865407622794 0.0143332929423677 0.0206808937379159 -0.144584436994573 -0.145011547368437 -0.0566522064335805 -0.0868172629865438 -0.017413652744893 -0.0786761500628836 -0.163447962858514 -0.141388038395268 -0.0873840648374433 0.0202804705492023 -0.0157622717954757 0.0561960197567226 -0.0412063355106421 0.0545792459682859 -0.011492836848116 -0.121943993212876 -0.160853252498069 -0.0670088627334548 -0.138665966965228 -0.261291048132662 -0.148547234473457 0.0104230347701435 -0.0305747918527979 -0.0223642966632687 0.00169347428198741 -0.047625083836154 -0.0529067472638495 0.00286597011953878 -0.00049495197730738 -0.121421069729653 -0.135705158574721 -0.143961285886861 -0.150396372716118 0.126894131338775 -0.131900725608767 0.064596033409333 -0.0890288622849622 0.0506698124057004 -0.0474395837564985 0.0352468209825862 -0.0235206166682655 -0.0760588799711243 0.030169990780088 -0.110039922317009 -0.0249286154183549 -0.042441757340314 -0.125081694634457
