1 0.734973597168645 0.179303539139625 0.235662196707127 0.0825680547986146 0.0986732241310094 0.237600682979674 0.169535526240117 0.175250722236654 0.267132202227136 0.21668323727748 0.0981164819662991 0.183851668684598 0.098435638350593 0.0728232771827826 0.149430987315546 0.0308594534596783 -0.0123810298833146 0.203970563861524 0.169181212307482 0.141440033372163 -0.204668464522459 -0.121185827004556 -0.273279669911781 -0.23194864882783 -0.170609673330625 -0.119185338466042 -0.200063930660953 -0.160808201081844 -0.258966593396405 -0.177429213218214 -0.201096767013647 -0.125573837906319 -0.150435703059872 -0.196660061791549 -0.124991038030155 -0.0892693017599981 -0.0293165728569641 -0.0112288708027977 -0.0528001640321489 -0.0937811851703791 -0.100869737293045 -0.120483506578848 -0.0724091864731647 0.0343155252456166 -0.103556404049066 -0.0554186844626666 0.0532807627098397 0.115959921997389 0.103456605873614 0.0981410390360207 0.169303038800111 0.087893444790907 0.0870529731236106 0.0112855270888972 0.178226222990381 -0.00769050639377935 0.172261345983625 -0.0887531159718537 0.0819969164046212 -0.021972272321449 -0.000874430432171396 0.0998435867331315 0.0459721077234676 0.0648577160593371 0.139764775776883 0.087169900233249 0.112914474982274 0.053799163503605 0.173249420534441 0.11758046890911 0.106511508200927 0.160338352206189 0.117156891929895 0.149120363398643 0.343177495347854 0.111210841782379 0.0623051664917988 0.0374408436137783 0.250756657424653 0.0328912739238125 0.0325617469792961 0.0650180414680912 0.0102706238467405 0.0210829003061236 0.0704443913782133 -0.00334639412843739 0.055403614574086 0.0401309983262797 0.0173295064243198 0.106799286584392 -0.000667173310705963 0.0855671179444703 0.0105995381356688 0.0332949845413295 0.0155026206419085 0.125082277566091 -0.0722168924373732 -0.0929032564826941 0.0451050130868315 -0.0417769841979849 -0.145365125203324 -0.0352698959326326 -0.0205007894540946 -0.0501503610301446 -0.0517878822871192 0.0970788967458693 -0.0938450884611572 -0.0693228742645415 -0.00745403076276817 0.0341712098988371 -0.135251442181994 -0.0948089618884529 -0.0524763956233945 -0.0962372952072133
2 0.179303539139625 0.600569374524568 0.221023686663626 0.259509866752315 0.123929468000296 0.178102030280876 0.163762793259142 0.108236406092707 0.268686774431687 0.115331670860738 0.119104540234288 0.161333846472289 0.111416174330808 0.0623588547064514 0.286093579059356 0.131289258737181 0.140332146882586 0.212619201406476 0.160937796366079 0.0414798034090308 -0.104300658101575 -0.0934157541431745 -0.178504694562379 -0.0643294125334355 -0.202967115305776 -0.174126257338696 -0.159949982183623 -0.202263618220305 -0.205445344604518 -0.158900049822849 -0.144013679535819 -0.114837862847505 -0.0531142352454529 0.0019293520723315 -0.211967304600882 -0.0353964578676372 -0.13113067396575 0.025571002663816 0.0854139095520647 -0.162692773954004 -0.0951007678652122 -0.0226101623423592 -0.073606799956656 -0.0592575143991734 -0.135843872622586 -0.0891793174540726 0.115453286809878 0.0772852100692271 0.150123453996468 0.201644390342765 0.107716071414269 0.0323465923640175 0.0641916305647491 -0.0443046498956354 0.118958790424995 0.118221374945622 0.158462368092059 0.0552372434504372 0.0276606479581267 0.0367281047110781 0.0515970578040534 0.116142332373932 -0.0378749241687887 0.131587055712188 0.148130290488994 0.172342189218054 0.114314450663264 0.0371146183445359 0.0903156829433999 0.116808732095966 0.139563718970552 0.266269251370752 0.143240111861595 0.208129850073392 0.230050350149372 0.0464551685359535 0.0752335106249051 0.067565675930445 0.101689710840101 0.0458042945281757 0.0566420252454392 0.0767452477560078 -0.00887390167420776 -0.0588581035899354 0.0706115264602982 -0.0352199987246876 -0.0084858291915164 0.0327487815016803 0.0481373410427113 0.0395827434554949 0.02151849477753 0.151436650042741 0.194378244247589 0.0555123338281502 0.00679586211213406 0.0223417609299687 -0.064683958021364 -0.0450505395871516 0.0855061085119761 0.00891145689864527 -0.0873061496359427 -0.0314263989261292 -0.0378936820156847 -0.0471070066586033 -0.0530854393839359 -0.0331313897533157 -0.0567727124358674 -0.0651522930725991 -0.0670630250767176 -0.0252386625501772 -0.111183128246848 0.0334749802758692 -0.0617245485885878 -0.0758528953034776
3 0.235662196707127 0.221023686663626 0.77668404917297 0.129911839118405 0.165246104941091 0.25953078641718 0.103342501142927 0.079663777843686 0.219254364817302 0.183459311329021 0.108707794657299 0.258926124395434 0.0534080493180339 0.131081917092368 0.39015222461789 0.031087006587833 0.197017236715484 0.214473332321817 0.242278099461146 0.285569686020818 -0.257364629414554 -0.257211433098305 -0.194400373542878 -0.226435614230556 -0.16753527830757 -0.174555216854997 -0.144529457515453 -0.230149391618717 -0.284392997915822 -0.17181245428546 -0.1826486820197 -0.162655177949661 -0.266466645777732 -0.156493634446931 -0.223041058135754 -0.0883433096170805 -0.0766422018056884 0.11208036659604 -0.0390004418776993 -0.110898736512084 -0.196538322878607 -0.0945161899510299 -0.0402004196789503 -0.0954623275190386 0.0392611296927788 -0.0838666906143592 0.338584830698742 0.117861968763551 0.23993395272081 0.283883830418976 0.230852461617919 0.0283975559475339 0.110062638091453 0.076959534345368 0.111296200821333 0.0967011875873478 0.0777724896264028 -0.0836664238611783 -0.0339223032599633 0.0443967310190963 0.0192513127722739 0.117788721636682 0.0372022008397782 0.238714401330924 0.0707224887568853 0.128301228136255 0.215961138265979 0.063839172381729 0.0825757782027152 0.117493233177607 0.141253202268048 0.237352765813965 0.155198797542066 0.188077850074264 0.227870100980465 0.053797828514593 0.0563492832294004 0.00744001657940381 0.0535938993060373 0.149853180182366 0.0727246511011971 0.0603617760743671 0.0867122641516398 -0.0139627209899785 0.161122967114363 -0.0588190608730107 -0.0538620316738258 -0.0552115345527924 -0.0146109593475835 0.103608588264477 0.0161246000025449 0.035117976254212 0.115707794539851 0.0175101380256769 -0.0419203364121899 0.0663654102975361 -0.124582523289368 0.00276071986060519 0.0953526070082723 -0.0256335410610823 -0.137138517207009 -0.0313061123039698 -0.0204981856329398 -0.0501265036190684 -0.0142042201832658 -0.024589020499785 0.0143512859387666 -0.0580323220455521 -0.0146101778409066 -0.0832379929362241 -0.10098477933696 -0.0599218952013254 -0.0534198318081508 -0.0781963400924321
4 0.0825680547986146 0.259509866752315 0.129911839118405 1.28148792940229 0.141020808109568 0.086622135924877 0.06212851682079 0.030607538771786 0.238185492112851 0.207659576810242 0.136318649471369 0.355073973418613 0.0971143661131397 0.0879501867583481 0.233281645465214 0.182023201198105 0.179450818181197 0.0727511284142529 0.162357312018558 0.0187554290789067 -0.283874132066145 -0.167515286490577 -0.254268244937978 -0.0898061997917434 -0.110048415865216 -0.176671437702773 -0.163888026455373 -0.103186376619804 -0.0867929095749476 -0.107575483786859 -0.0253477891467548 -0.0570932008822645 -0.129549482528612 -0.129947775976139 -0.143325400325536 -0.0100452002285149 -0.0552671886611781 0.0470013717871101 0.109277315751812 -0.0396157407513659 -0.0603531817776192 -0.0413028370598813 -0.215844992159041 -0.122596097916799 0.010143686833501 0.00590101340469929 0.11936670115864 0.0473701949746341 0.242369046304687 0.193999457332243 -0.0164293750740688 0.089968159832865 0.0396536394539432 -0.061635973947574 0.21618824504091 -0.137851336276995 0.166298151548624 0.000354685597724198 -0.0904471540628446 0.108296612628467 0.00746439926599534 0.301161410184445 0.128432640851486 -0.0069824750657273 0.067642412163914 0.0856397413431634 0.15427325490159 0.0722790638658018 -0.0223292874481374 0.0871402773275574 0.168347186489051 0.144944771442072 0.049360669553399 0.243219297367687 0.0988897410360099 0.0186695037110787 0.0795560014694374 0.181577378069003 0.0731112153137789 0.0696224572674311 0.000641621689352256 0.0870904599471433 -0.0582460707452239 0.0140532683052597 -0.039082602475948 0.18527707775048 0.0949385105654743 0.0345971007048479 0.0677273266237868 0.0910118495937427 0.0846771777670867 0.229769364619903 0.281847904638448 0.0220835549192193 0.0102769548453428 0.0494582830227934 0.00350405769603017 0.118985013866669 0.212363448584619 0.115229345536928 0.0108133938870712 -0.0543085893107602 -0.0505291660677828 -0.097313453913639 -0.0295362608332321 -0.0808926061763665 -0.101884587256015 -0.0606472906443606 -0.0282426459256847 -0.134171318535644 -0.0405303214625652 0.125913620091356 -0.0935027073660848 -0.00466876603551119
5 0.0986732241310094 0.123929468000296 0.165246104941091 0.141020808109568 0.633990209610694 0.163729192232396 0.0582039588131869 0.0791285693118439 0.0644378711585093 0.181981619262423 0.0951255227671245 0.0982362013315751 0.0152400850493198 0.106735781951745 0.212597788718692 0.0484821742044674 0.0949404954100755 0.0554210066891849 0.049219118360733 0.0928272143491371 -0.0977929820884533 -0.0733937565697671 -0.069581110805643 0.0340089489078538 -0.127745474072144 0.0250830579241437 -0.0745708933962607 -0.0822875953540056 -0.0744691995858914 -0.0665056859909734 -0.0921590175897425 -0.112226035472837 -0.135437706558032 -0.017074540476825 -0.207245455449366 0.0787120003557297 -0.0341632981806304 0.0496495900078252 -0.0175877866904248 -0.103676261643294 -0.0454602286087187 -0.031464011483404 -0.0438635218993638 -0.0251909143006912 -0.0515850099948169 0.0686862610085376 0.0879711028165021 0.154917610704897 0.0303428649603199 0.116236192121985 0.112909146527119 0.0421260593345787 0.0508905946085343 -0.0174180730051475 -0.0125910376247378 -0.113180480495277 0.0621376727735036 -0.0385039426243708 -0.00208486173558614 0.0921595614515775 -0.023880235570928 0.125649791784041 -0.000172193480867046 0.0055613532071566 0.000730503121291035 0.0577359196323709 0.0334791741958086 0.0390450564367852 0.0140052527533322 0.174258832795391 0.0116854915272709 -0.0281894484501052 -0.00023304022518358 0.0247856609892789 0.0774112096033463 0.0498963851352037 0.0383566160552502 -0.000508728672708628 0.0226987962894587 0.0063897911624077 0.0314152365223395 -0.00349670198463664 -0.00723541321728548 0.0714391134267608 0.160735102669166 0.0644701533831204 0.00144466034126805 -0.0760509091397612 0.00407734903558087 -0.000409914452938402 0.000900608844414117 0.032694682614168 0.0607571477614559 0.0213084838037235 -0.0345940318861871 0.00202088919789407 0.114202374710796 -0.086640491350519 -0.0411072876303734 0.029856258728507 -0.0250478045525667 -0.000665238558403435 -0.0150715748565926 -0.0349655567003988 -0.0410132707106382 0.0307583533895148 -0.0112948868488343 -0.0378888632981606 -0.0430569375212374 -0.0121703015995212 -0.0665188559861426 0.152760211744925 0.050796239572015 -0.011932800732583
6 0.237600682979674 0.178102030280876 0.25953078641718 0.086622135924877 0.163729192232396 0.677939022809795 0.0950299945568167 0.093190825426481 0.225324134806257 0.208689523326202 0.0961492554466111 0.111843520091749 0.0493959679653572 0.0723338796904385 0.247902855026042 0.0701518305090579 0.0451481122906472 0.213444848077473 0.22546276961562 0.13264548683323 -0.125008107694088 -0.128432904491347 -0.0403252248721702 -0.122966425309926 -0.138578243942745 -0.135757209202172 -0.154499445892545 -0.105268593766303 -0.114132453443488 -0.113113395849607 -0.0578708491370599 -0.058249923044735 -0.14873906372885 -0.0123047226082773 0.00731559804731739 -0.0374137538083049 -0.0566293868292129 -0.0423707118257662 0.0728572055167057 -0.126435194473941 -0.023893637906112 -0.0287654887202878 0.0153658404498526 0.0645899596955606 -0.0119220245765572 -0.0283218984577879 0.116450720312423 0.130626046263291 0.0793272308658463 0.066434677958588 0.0695561855735755 0.0982462385513144 0.0507442438476733 0.0136495620957981 0.127131192051878 -0.0381139075944012 0.195027520103678 -0.0333516903163405 0.0573113699535777 -0.0491469073646519 0.0048120979264764 0.0457465300702819 0.0354603987566386 0.043285119687098 0.0634455541695232 0.0393013852436239 0.0516686196766836 0.0607578950523502 0.122455904183325 0.0985186115409832 0.0777031518805484 0.107230542636911 0.0824253827482033 0.0670236017880091 0.234473532347362 0.0236234472630629 0.0925889362932906 -0.00598459774262199 0.0977371014691286 0.0148082833051226 0.0425342038475673 0.104097005383673 0.0372333331586652 0.023411667490538 0.122629951891002 0.0274479127390614 -0.0269506286977654 -0.00864800602602162 0.0201235099906442 0.103640607719896 -0.0530982420451505 0.0516625077757319 0.00258394422694309 0.00172311147903784 -0.0269207564571789 0.0517443540649582 -0.0355992261068924 -0.0815057291208428 0.024505836975061 0.00773611197168504 -0.0217476661168733 -0.0436326652781754 -0.0145648527725572 -0.009701896562251 -0.0169581677115418 0.0379982511822431 -0.0076920926865631 -0.0525780681643216 -0.0573170104604104 0.0360060870928131 -0.101496639739324 0.0384727457945637 -0.0334190845217401 -0.0401885860929457
7 0.169535526240117 0.163762793259142 0.103342501142927 0.06212851682079 0.0582039588131869 0.0950299945568167 0.511260315089908 0.0913919532089175 0.117577905467015 0.149736507884023 0.0513834171912077 0.127541308544703 -0.00594448658576637 0.0943615582506049 0.120187602576577 0.049408257732478 0.00606267255360797 0.124668264108706 0.0948496088132485 -0.00699358333168165 -0.0646241339597183 -0.121631519467141 -0.127221276342573 -0.117707030930164 -0.0915930808232746 -0.119416411616276 -0.109656154368767 -0.0249830421361051 -0.202917988472543 -0.14313168476952 -0.101056009792038 -0.116097514497364 -0.132848630092911 -0.0815915749137327 -0.0864350407110959 -0.0577896131280899 -0.0161197533702056 -0.0318431251946248 0.0169501799963483 -0.0921578642865619 -0.16056625596795 -0.142010613513338 -0.0461268146999169 -0.0271123553821795 -0.10753790700073 -0.00654965952847392 0.0543458635426431 0.0111668852820104 0.0416412280495921 0.0352086480745693 0.0415896400410991 0.0378611553226256 0.0859727718838805 0.0199746234096168 0.0336050264309576 0.0254114122578128 0.0805084971461872 -0.0112477910401396 0.011112895110244 0.0111583215631071 -0.0521851476921671 0.00890017113606792 -0.0426458045697399 0.072317178912165 0.135553209036691 0.116879302125306 0.0963985622041642 0.0317030668409408 0.16508946021457 0.0895775094405286 0.163841101968597 0.141087753670609 0.113480478458144 0.105970407222277 0.135403970877879 0.0303989943494679 0.0259751033217441 0.101069023980723 0.0818076680455754 0.109004736209852 0.0283776578176409 0.101791895067323 0.0467939398973657 -0.000401133420897654 0.0522762826725771 0.0717962879658999 -0.0497299212554217 0.0138756293427423 0.00807865703425881 0.0472258660907256 0.0276016492743204 0.0501344153775737 0.0297618514615642 0.0149980979975764 -0.0221729644566738 0.00934800551403806 -0.0266998077138239 -0.0991855426017911 -0.0613548113785998 0.0148186651911259 -0.11217361496337 0.00642965876826531 -0.0219186131243849 -0.05073362977994 0.00129107305170464 -0.0645494037682416 -0.0335855945660718 -0.0178591692301318 -0.0340321527062149 0.0303927917370776 -0.0599848512158472 -0.0428786440685632 -0.00418082524710069 -0.0460286548742326
8 0.175250722236654 0.108236406092707 0.079663777843686 0.030607538771786 0.0791285693118439 0.093190825426481 0.0913919532089175 0.445349762460869 0.0791891018343012 0.133410332330411 0.0567051825125142 0.126025694438962 0.111366311769715 0.0333012295087178 0.0497485070140083 0.0281984019445805 0.0991808819420496 0.116892312137919 0.0404479376707261 0.0229690901032235 -0.109769097377994 -0.0324548998899595 -0.110077659362704 -0.130221614474919 -0.141858864270539 -0.0618082110522249 -0.0911205112026791 -0.0764234055425003 -0.199019283974516 -0.0519793802200129 -0.0668703483593191 -0.13705337585881 -0.125411995723855 -0.152242063043502 -0.153787547445402 -0.0646134862255968 -0.0367766139846881 -0.0166407903314357 -0.074007174708227 -0.149603140599264 -0.0737978535804461 -0.0812975462943125 0.0450940813624833 0.0496207427447014 -0.0127154166440714 -0.0584899454504358 0.0864166473127672 0.0810325653644179 0.0485285988399491 -0.0122141726402458 0.0770183045268595 0.0386404653241789 0.0693691892958508 0.00614166499194464 0.0797060030970149 -0.011785900052843 0.0789781123877711 0.00191728589001101 0.0429548294692201 0.0646228048530202 0.0692651967216187 -0.0659343202536515 0.0636784088485054 0.000184582561263527 0.0978784574134369 0.0328097332057627 0.0405041970129566 0.0655518501263892 0.100681715464815 0.0112853819914922 0.0425261983423779 0.0461666182030749 0.0537569782948669 0.160837553565623 0.0525194441234601 0.0232119620298127 0.0684499682146009 -0.0363736040865987 0.151062262107073 0.0392224809288201 0.0259404050797424 0.0866991927439612 0.0562011749208591 0.0400069429988288 0.0148731025856797 -0.00810524944050377 -0.0801282220538395 0.00318926152074306 0.00491104452982617 0.00825595953095884 0.0448693300495001 0.127378976468712 0.0320479559739246 -0.0604275793042052 -0.0526998440901447 0.0362161136719011 -0.00501703870836516 0.0145073303347345 -0.138731027497064 -0.00197731869980129 -0.105688843496403 -0.00362913518298518 -0.00496938451161222 -0.0205440932301682 -0.0180477670094683 -0.0391655873548488 0.00570728866630481 -0.0197162015149526 -0.00322027179619081 0.111005796143571 -0.0488171002817178 -0.0598720602290924 -0.0298659620749518 -0.0256838816995062
9 0.267132202227136 0.268686774431687 0.219254364817302 0.238185492112851 0.0644378711585093 0.225324134806257 0.117577905467015 0.0791891018343012 0.988560980082207 0.23333791791254 0.0736238957011542 0.301462861280469 0.160954408378712 0.120109741086323 0.279706610597099 0.0756885448952728 0.16081055536394 0.137619021499585 0.15511401164937 0.111878195506805 -0.141515120870153 -0.183263385781353 -0.219237419027669 -0.0143317642142666 -0.199201703119425 -0.148752205117639 -0.19440642777638 -0.127986110902435 -0.138832541955624 -0.154278901995308 -0.149076920278638 -0.195732737868706 0.0402821613329027 0.0233709125863072 -0.0973119837865576 0.018670358684787 -0.0466373628487327 0.0396102479338618 -0.00427246390757384 -0.154335548374814 -0.0673320768097506 -0.102075301158659 -0.0333351630827078 -0.0510371644562525 -0.026354764163102 -0.103988760334823 0.228285712200427 0.0759353073075816 0.16981754675363 0.200304395582894 0.162967710537627 0.0435216383324942 0.0156492412040503 0.00707600128956768 0.188905952809586 0.107134488073776 0.102801325362865 -0.0692698458848888 0.0696668178359661 0.105266813436734 0.11226403584188 0.174091187520569 0.0937514385431261 0.171241378695257 0.163752177378597 0.0201185096985882 0.105749679853068 -0.0171933321459491 0.143570774007012 0.113163201928662 0.204730169629429 0.2187701836136 0.164955260054613 0.208267906980915 0.126151338330267 0.129515673343397 0.0524931358853721 0.101410733531125 0.179301577943539 -0.0236192307964949 0.0979499491304815 -0.00461144566162256 0.0367278522788242 -0.032565080829686 0.0748976124911574 0.0808831962128341 0.201410229102722 -0.0390855317667041 0.0625750070872534 0.104174361593819 0.0329487585971412 0.262733517865278 0.00565759911892469 -0.00380504373252679 0.0157556354672802 0.141484743252489 -0.0318319236521121 -0.0720844594694003 -0.125571356936955 0.0135378638071705 -0.107675131348284 -0.0235267857017289 -0.0251305846009983 -0.0152819391979657 -0.043996259545182 0.0467307981711025 -0.00963782910455914 -0.109535774442473 0.0201660919943218 -0.0924126969408708 -0.138908837169586 0.14815465594415 -0.0987923941821717 -0.101766636072852
10 0.21668323727748 0.115331670860738 0.183459311329021 0.207659576810242 0.181981619262423 0.208689523326202 0.149736507884023 0.133410332330411 0.23333791791254 0.885775158269758 0.106074498241163 0.42580520774411 0.0451814049326547 0.0604170523824229 0.159092059650962 0.0382950310837842 0.146241862922698 0.222470848125617 0.143296476202842 0.0277911548173183 -0.300297578455428 -0.231557039544598 -0.0937350461196864 -0.211052541289731 -0.221496913133342 -0.139957261841723 -0.0949323579566531 -0.110281916135797 -0.273821708392283 -0.205484837501869 -0.132750819484913 -0.198394832347309 -0.280650821005569 -0.2322256223624 -0.200538956992079 -0.04731462945815 -0.000388678744476669 0.00411077417224593 0.034864479498467 -0.185303303716088 -0.140625698648085 -0.0389247940778791 0.116736130300052 -0.0629716008659666 -0.0242446086872903 -0.0376490008365556 0.236894988282029 0.166141542951729 0.0860668010304192 0.121048311822753 0.166789585170051 0.113405772345063 0.0633705803436976 0.014266597744911 0.255020731227753 0.0245544306176071 0.0700620701441261 0.0518210403897132 0.033887372198891 0.135505688647501 0.119698565484816 0.167036791675275 0.0807718508887701 0.195934059447191 0.0734692049129398 0.000857968896181359 0.108439009838274 0.0709270844034278 0.118906767449613 0.0720508663020392 0.0976693512036673 0.149834836641067 0.10342464268217 0.127444246966953 0.116372802798954 0.0179343908485884 -0.0157245509561053 -0.000430015048118708 0.116084656891176 0.0621525533137831 0.039581116557992 0.0928029193416904 0.0264430966258752 0.0513646263656087 0.0717037068029904 0.0431511512123242 -0.00543668180783333 0.102013823953727 -0.057745751506752 -0.0207540322010715 -0.0287707893556624 0.156986308697709 0.0429866433385494 -0.00830990777716638 0.0353135619587391 0.155006829729571 -0.0536489510326845 -0.14031248484965 -0.0569864066146497 -0.100175357583049 -0.106480365198857 -0.0300117685484782 -0.0164240220228104 -0.0472581818942409 -0.0685536991297326 0.0676550277317623 -0.00680723898502412 -0.0240580545842997 0.0263491022968817 0.0523477594818848 -0.120885821537523 -0.079229701280842 -0.0485351294778596 -0.109168814732605
11 0.0981164819662991 0.119104540234288 0.108707794657299 0.136318649471369 0.0951255227671245 0.0961492554466111 0.0513834171912077 0.0567051825125143 0.0736238957011542 0.106074498241163 0.348359237157972 0.104919925570234 0.0536608192815699 0.112709459498233 0.0335037310475468 0.0705778490881735 0.0705657003495833 0.0535749827818956 0.0598411831247714 0.0593255323605204 -0.0765560754002454 -0.0445553559712836 -0.0779053574205384 -0.0112147198178192 0.0123438214525713 -0.0796304887398064 -0.0307685712482449 -0.0371590281012423 -0.00162742503609727 -0.0601579361577107 -0.0497502652926657 -0.0627190014822068 -0.00822883618885641 -0.0771696932127393 -0.013098572439667 -0.0356096101716914 -0.0557889521847618 0.0127102827280376 -0.0585005140620566 -0.0415345305408027 -0.0340578512077308 -0.00206733371394079 -0.0547446785858014 -0.0706553131062738 -0.0648323132228091 -0.047280695067085 0.0159348556097128 0.00617212576457942 0.0305016863816544 0.00847894388331582 0.0586127617193378 0.0109744284056276 0.00646791874832655 -0.0212453167579222 0.0654298038722205 -0.0261156912238895 0.00388487249899272 -0.113678787137735 -0.0153041133647083 -0.0422507443195918 -0.0250870686322809 0.0891904920657212 -0.0225424006011497 -0.0210309791103375 0.0678889729755816 0.043876111886319 0.092960191464085 0.0550705871036857 0.0920758581666905 0.0544463014508711 0.0549275741723083 0.0857379130259993 0.021704288054429 0.0540635991333212 0.0257378531453116 0.00346715366803681 0.0549991072479941 0.0280221855395219 0.0345892219539894 0.0968431034477761 0.0337108752614466 0.0292438057946018 0.00196909478623018 0.00931010351780722 0.0492251039258105 -0.0392505237594125 0.0296836768298365 0.0182022067518823 0.0218151516448799 -0.032480235553797 0.0112052336753357 0.0331176857951307 0.059124160635625 0.00846718036476043 -0.0233794802080747 0.0583568034605336 0.0592876182121025 0.0458358837554841 0.0328935167223639 -0.0192638077813971 -0.0685461144369113 -0.0156879263158362 -0.0207605621939911 0.00724768053816478 0.00337118379067528 -0.00482919575772958 -0.0261260211654378 0.0348064925606202 -0.0638395837367272 0.0213262003684699 -0.00626223350330096 -0.0172156060002928 -0.0108712904326367 -0.014471604719356
12 0.183851668684598 0.161333846472289 0.258926124395434 0.355073973418613 0.0982362013315751 0.111843520091749 0.127541308544703 0.126025694438962 0.301462861280469 0.42580520774411 0.104919925570234 1.3110817068796 0.0592512476888696 0.16974958527156 0.323465386099514 0.0361172117732763 0.181135830034399 0.170244877004017 0.17354764020843 0.0942543429207958 -0.406672221150419 -0.399187958136219 -0.360721536894709 -0.476275503769215 -0.354007989719261 -0.279877224266055 -0.177379724799214 -0.419008032427234 -0.301048898879773 -0.186191938949213 -0.118252446014888 -0.415884731834819 -0.446374271668178 -0.289295321593098 -0.368673289611289 -0.138749462993919 -0.0808290781366328 0.114408109047303 0.0147614657220868 -0.211266748325412 0.100452560403821 0.149371897569873 0.162213559230608 -0.0728029166507886 0.0578554537592139 0.0956230164729508 0.289315975185255 0.144267265085517 0.196636201507412 0.222582051511307 0.216544649040165 0.146940431031468 0.0407677997303658 0.029155295968852 0.293698216428988 0.0618195043814304 0.00504966905732272 -0.109295538273083 -0.089566037115305 0.149453809981842 0.141416604146431 0.248907326132265 0.115636163450082 0.14957929490596 0.0893357114672686 0.0817486342060678 0.0982972580854821 0.0950374514848381 0.196722672647737 0.134910234803834 0.169133510201886 0.233977095247142 0.160854446849419 0.13436305998318 0.262195616836784 0.0407179764825339 -0.133863927178258 0.0360088991940271 0.226581901212143 0.00951571296032135 -0.0285225324309878 0.168863313336333 0.0538550621989093 -0.0266809124996755 -0.0334260112927751 0.0899388219430654 -0.0459732858690527 0.0925946020072941 0.031188439426449 0.042378764642316 0.00695714075295825 0.169302492237649 0.0254764005019719 -0.0320090656975716 0.0396101325030531 0.131633422721026 -0.256223311974619 -0.0824386697830379 -0.399593489592916 -0.0881672976195239 -0.220830978797268 -0.0522336035662421 -0.0182485699149206 -0.0543901475106573 -0.109485702564243 0.0317660916903635 0.02862370174417 -0.128934147160631 0.0595720602644923 -0.0658977629546715 -0.16069452097747 -0.0953231278802223 -0.0652153548047967 -0.113884021728577
13 0.098435638350593 0.111416174330808 0.0534080493180339 0.0971143661131397 0.0152400850493198 0.0493959679653572 -0.00594448658576637 0.111366311769715 0.160954408378712 0.0451814049326547 0.0536608192815699 0.0592512476888696 0.794588979833937 0.0897913728758868 0.0537536064168179 0.114181074150912 0.112323989887626 0.0998621114145554 0.0559260196320736 0.0200294769862109 -0.100286911138302 -0.133710051043099 -0.0123723462599624 0.00194253612295366 -0.150248688679355 -0.191901216891516 -0.126681871649936 -0.0134377854210559 -0.0536752162479292 -0.0166185861738206 -0.106658749749302 0.0768373098103544 -0.0148822580726618 -0.0110753838677965 -0.188672834896911 -0.0770773531235776 -0.0781858843487559 -0.165453339805839 -0.00514790796724795 -0.119033624249643 -0.164916668657102 -0.0136479737660304 -0.0678017208641816 -0.122258617244781 -0.100692373653866 -0.116279314756129 0.136008778466186 0.0125727844517763 -0.0133208517921465 0.136177605928705 0.113375432417293 0.183290095957317 -0.0210014100622792 -0.0127043442383427 0.105287596499528 0.0401569749986332 -0.0477899034289548 -0.024185030543067 -0.000554202580491934 -0.00297980533447851 -0.101910446180163 0.0367251260727276 0.0644012971243135 -0.022165231971781 0.0336319721781396 -0.0160207761528725 0.0472628143675309 0.0843338012574294 0.023563049256435 -0.0245177545582479 0.0304390647122132 0.206565157539781 0.032516536901086 0.21901796956882 -0.0120393870202976 0.00437319425156891 0.0772244004757485 0.0324701801681706 0.022814810245001 -0.0190760579532392 -0.0205377803564252 0.157555583544856 -0.00962111943189769 -0.0434393563097889 0.0056264180072982 0.106859388413177 0.135370626453752 -0.0163568201499006 0.0366565004740146 0.0319048868133702 0.0214590708004963 0.0584182585013331 0.0560761037423672 0.021621374660741 0.0495687549788222 0.0827674028939875 0.117666549658951 -0.0609884218282045 -0.0829093255424517 0.00640947616704744 -0.0655641161857081 0.00745782154929242 0.00209614980980106 -0.0239335188604987 0.0229705718288123 -0.0314801421170747 -0.0556825799145726 0.0372143920116535 -0.063514604815503 0.0202152362612227 -0.0712908134085155 0.00113023673203137 -0.0237118327075803 -0.0227125259563301
14 0.0728232771827826 0.0623588547064513 0.131081917092368 0.0879501867583481 0.106735781951745 0.0723338796904385 0.0943615582506049 0.0333012295087178 0.120109741086323 0.0604170523824229 0.112709459498233 0.16974958527156 0.0897913728758868 0.731462675467339 0.0926432606839515 0.0453075312709393 -0.0220177597219069 0.0583877045237278 0.0680935610509175 0.182430986059317 -0.19097402285223 -0.183637907073448 -0.166067494089021 -0.0217910875033333 -0.109780176737008 -0.0996447705726978 -0.0442536202198447 -0.158602450294046 -0.0959067892989522 -0.068290251976577 -0.0769968484016932 -0.133537136895245 -0.0403968543152303 -0.164720311317595 -0.101724579208798 -0.0444603916952164 -0.0262872266780917 0.0149708269011813 0.00802862123254302 -0.137613431168204 -0.0415593067730694 0.032250666247731 0.0333267488018934 -0.070612576018104 -0.0716882614252269 -0.0129657515681797 0.0811832837579674 0.00176684983957443 0.0106708593191379 -0.0104503669539919 0.189094119850715 0.0506256384725484 -0.00541411076013459 0.037091771985093 0.101602370293929 -0.0648508543301493 -0.0638654991375091 0.00175297305065555 0.00456895839422857 -0.0538865577665745 0.0586206166939071 0.0963352773284211 0.0871102565355815 0.0189865432864776 0.0857652984673627 0.167765635271909 0.12070917025222 0.0405342229318676 0.0957662632863066 0.0949788972946079 0.0491569110102252 0.101802058799053 0.144382717133665 0.108937890079267 0.0843835876119544 0.192130092913743 -0.0273908020417942 0.0208765008367436 0.0314288850274213 0.132898662200144 0.00729119554941045 0.0296665806855294 0.00291613979786431 -0.0412011578976283 0.0939115198409129 0.0581004428016905 -0.0557576366551464 -0.036207998960011 -0.049720319600308 -0.0170082323448275 -0.0351874269962076 -0.06636805592348 0.0452735684658278 0.132780471476711 -0.00956969413939499 0.00850966343649441 0.0589717919374232 -0.01460254737711 -0.0095031442390875 -0.0348855633081424 -0.0940868865063806 -0.0245848050196929 -0.00761883150599486 -0.0450050772845357 0.0211100144468258 0.00757674378641244 -0.0344295452050443 0.0221723475509195 -0.0803971861905005 -0.0354612961829005 -0.0129912142691146 -0.0426894036166823 -0.0164798253795927 -0.0252449570997511
15 0.149430987315546 0.286093579059356 0.39015222461789 0.233281645465214 0.212597788718692 0.247902855026042 0.120187602576577 0.0497485070140083 0.279706610597099 0.159092059650962 0.0335037310475468 0.323465386099514 0.0537536064168178 0.0926432606839515 1.22843191591822 0.0818522458343333 0.18679676369118 0.201352516722579 0.204297644622635 0.131536339956558 -0.172786546605776 -0.276718276573375 -0.138484719604256 -0.168735111996707 -0.175104714965385 -0.189594411662473 -0.220730351800039 -0.191659113176296 -0.345601001919183 -0.205519727563401 -0.254766520790445 -0.119423935729932 -0.189863895166456 -0.202026879670215 -0.18378762179335 -0.0268625229627749 0.0103637093984007 -0.0675128176559871 0.125704378544522 -0.223166002056497 -0.320395578346018 -0.170471955119141 -0.0404703865470244 -0.14845647817858 -0.168313178031821 -0.13882910462655 0.250509241060519 0.0555207563002495 0.110632331451985 0.259630071119326 0.182221387907085 0.0755731008610875 0.0271428315196079 -0.0323589012433172 0.0730117629011675 0.109866161038126 0.0341688849382236 -0.130514148584979 -0.0967255487308332 0.147164889262834 -0.035455893865695 0.076587781927051 0.0670034583756927 0.171237185236337 0.156528175411772 0.189396877686537 0.254600966961205 0.0615017871003345 0.240837714328347 0.167858107971319 0.23241032434686 0.369863445297319 0.0979097863216921 0.253694722504029 0.300895040353422 -0.0289479223072746 0.188960040353296 0.0308287734292291 0.139868867411555 0.0479696834056097 0.0548980233970009 0.215660297432641 0.0600236003974566 0.0138406387985207 0.062338721439099 0.0197512167850689 -0.022674089807746 -0.116088303126514 -0.0630113873653669 0.0794325611603906 0.0430162459618131 0.153872592688968 0.132731170248578 0.0328692363131494 -0.0698184870955828 0.0541645638584915 0.00229659529065792 -0.102311382140659 0.082797774374817 -0.0473088062474687 -0.0969744571164222 -0.0164481184299381 -0.0222184942568321 -0.0668860460043763 -0.000108949274159717 -0.101391910686946 -0.0507412485838357 -0.137410945622588 -0.0517617799271674 -0.0568814245323779 -0.107585978072377 0.146257678669951 -0.0506872167863635 -0.0803904515779756
16 0.0308594534596783 0.131289258737181 0.031087006587833 0.182023201198105 0.0484821742044674 0.0701518305090579 0.049408257732478 0.0281984019445805 0.0756885448952728 0.0382950310837842 0.0705778490881735 0.0361172117732763 0.114181074150912 0.0453075312709393 0.0818522458343333 0.550146196191349 0.1146973926823 0.061658320477764 0.156110821521321 -0.0273365719563021 -0.109691618989934 -0.0708237965688708 -0.175105048971885 -0.0498877150657051 -0.127973140505911 -0.0566630726629315 -0.139172341146726 -0.0186875915031794 -0.022432678749859 -0.1527346665518 -0.0856706119129172 -0.0301682122451639 -0.0898430111884138 0.000547436594328591 -0.127371251371878 -0.0516112414746243 -0.0320996161927174 -0.0535082060766958 0.0161515242872759 -0.0791570726190967 -0.079840842123846 -0.0630827259778788 -0.116736541265252 0.0133546278059725 -0.0759363108763324 -0.0588527403605983 0.035186607303488 -0.0374663221466803 0.00106763230843179 0.0319488213578402 0.0260544085827563 -0.00360889594737564 0.00186179299623228 0.0203784719851026 0.0272403913153771 0.00177281422674447 0.132702037097289 0.0420445092504116 0.00866744125805499 -0.0410371397681098 -0.0819716611099176 0.0441118342343909 0.0918671607208296 -0.0348793473969916 0.0898199500561692 0.0819415965173187 0.129954882549522 0.12710802809957 0.0548849936378554 0.135427752631324 0.0625785228052827 0.1586994057465 0.0324579218110411 0.201269779341785 0.094427598380125 0.0531064514958999 0.0578618386932721 0.0114925368524918 0.019732948096988 0.0386499403099263 0.0748190891301401 0.0548250612653252 0.00829874469710793 -0.047386676027146 -0.00422547655877352 0.0437413135962344 -0.0160341520335182 0.00169650202540309 0.065548497522729 -0.0479814477372956 0.0944461901984115 -0.00373065812961847 0.132867388941588 0.0191955959494568 -0.0749983739230457 -0.0237408494685499 -0.0197438224766826 0.000402130404358889 0.0115407598919562 0.0338119464755613 0.0461643279175213 -0.0359891630591758 0.00365924611152507 -0.0245891121464056 0.0024783844817787 0.016688977001066 -0.0410350426410967 0.0305578489243976 -0.0423128198527321 -0.0483924283823051 -0.0203788904390194 -0.032425269658017 -0.039869111972561 0.0480071646948804
17 -0.0123810298833146 0.140332146882586 0.197017236715484 0.179450818181197 0.0949404954100755 0.0451481122906472 0.00606267255360797 0.0991808819420496 0.16081055536394 0.146241862922698 0.0705657003495833 0.181135830034399 0.112323989887626 -0.0220177597219069 0.18679676369118 0.1146973926823 0.976088859394804 0.0690768712487155 0.0661554861999277 0.0134234035904426 -0.1066178550193 -0.125407788446772 -0.0928696086004618 -0.224875907103397 -0.0721221317624107 -0.185121637067808 -0.170156054154512 -0.0815388078673146 -0.122379480941221 -0.0474913198797583 -0.0499059652295504 -0.188717235239435 -0.14548672687661 -0.0286034860681988 -0.299715096362765 -0.111411187997138 -0.0202087954858014 -0.0829881660850219 -0.0748389240226306 -0.0834069050652941 -0.181619217726052 -0.141083654800588 0.00727804461472468 -0.0979944970888074 0.111638382186909 0.0247424513862742 0.430082958535553 0.222542747561886 0.0853614488660564 0.096713757404757 0.0962440836750241 -0.0163337656846386 0.00952330550758554 0.0204649558667587 -0.0155259005499046 0.199092436768893 -0.0128206423929294 -0.00715158187925465 -2.69087408726048e-05 0.0387595987544318 -0.00365631117498893 0.0150629201836689 -0.0131623265467434 0.258418907851912 0.0600406246605379 0.0188565526862826 0.0238376550018817 0.13679979753842 -0.0137439619246068 -0.00833546329899865 0.0823116801021505 0.28288315834461 0.0610336660633812 0.135429407498708 -0.0313035916737804 0.0160950747196046 0.0660940215713555 -0.0244060732520013 0.0143428239009028 0.0438859952485579 0.0764889608290645 0.0773030081802881 -0.0242382445516977 0.0414156680568721 -0.0106894910404161 0.0899979671354273 0.0563082493985435 0.0240488198435595 0.000502942964447278 0.0788801634340165 0.0940899958676363 0.138480635081826 0.058845105225471 0.0124862276898174 0.00493535106430955 0.185678229659939 0.0292181109741627 0.152226096019345 -0.101325453799113 -0.0341732866166599 -0.0069299622446937 -0.00905095350740512 -0.0353761495845729 -0.0543314245800776 -0.0277739516007152 -0.0436510059456339 -0.00394606252727637 0.00306843713675894 0.0372069965558922 -0.0421722892491471 -0.0145947856600937 0.00349735199427973 0.0204547761253846 0.0477542128600799
18 0.203970563861524 0.212619201406476 0.214473332321817 0.0727511284142529 0.0554210066891849 0.213444848077473 0.124668264108706 0.116892312137919 0.137619021499585 0.222470848125617 0.0535749827818956 0.170244877004017 0.0998621114145554 0.0583877045237278 0.201352516722579 0.061658320477764 0.0690768712487155 0.738486592160696 0.29024389434154 0.129129795472273 -0.142834770564016 -0.163140501403494 -0.167347477398369 -0.0872378068320642 -0.190849960811511 -0.237846648064667 -0.0911463188385223 -0.104863274716023 -0.213793869547482 -0.176992342475996 -0.123677346625565 -0.160710450341944 -0.0996093897970651 -0.0392947398184024 -0.2566963857596 -0.0732942787132095 -0.0348090576875561 -0.054043279690675 0.0808330929174668 -0.132346678191178 -0.0796056273874636 -0.142197053407986 -0.102538926213316 -0.114401642313403 -0.0560566785533246 -0.0490810623531308 0.121388782704305 0.153931634981004 0.176494284714253 0.248157467829339 0.109377707419568 0.0844805353362093 0.119761027598068 -0.0142766692718886 0.105059470202083 -0.0123931837386834 0.167471768946876 0.117819979356794 0.0584930238843893 -0.0140647912295287 0.101242478224474 0.0594000172771805 0.0342336625653117 0.0883037322422871 0.084763848146261 0.0193665502901311 0.000245580638666986 0.0197591701087921 0.0684881168772179 0.0110700248662955 0.0736654211016856 0.235268703105229 0.183556100411302 0.106277194267279 0.230814887926295 0.0404664588636184 0.0588026566368066 -0.0129214144355135 0.146538821382745 0.0506634346961552 0.00413193687472512 0.114917120337314 -0.00715864709415357 0.0155761655437624 0.0800435406564029 -0.0145819649477531 -0.0676492005017291 0.115088376956741 -0.0165229545100808 0.238278531178234 0.0216418831596956 0.0961534909367404 0.0134888561675709 -0.0685066741574887 0.0861585259448415 0.0281144903822447 0.0331307828923724 -0.176601792846842 -0.0083248523522746 -0.107735673679594 -0.030229452123697 -0.00539665924707401 -0.017655726066319 -0.0562390206679323 -0.0163905119494059 -0.00632824191999026 -0.0731043368214377 -0.00248268119068824 -0.0450095661646371 0.00951916972181431 -0.0693077531193833 0.02990747309025 -0.0387042302107613 0.0190387266254428
