1 0.768245019882159 0.249052330609009 0.207480647968296 0.220433054815694 0.180131284316542 0.176192935397319 0.266474682941095 0.246828390411815 0.314998058960334 0.272935432435596 0.155652588026953 0.290587949821719 0.16066475798045 0.183654408190317 0.176721635347293 0.117084950978647 0.0788388586519612 0.280341742322728 0.194576631378604 0.0968354925307638 -0.238016918725013 -0.156784369915289 -0.353174315298904 -0.321512046660223 -0.232867926404558 -0.18581894279708 -0.219940485653859 -0.237146750941661 -0.264743248477872 -0.216880717456999 -0.298923954235155 -0.172953803031457 -0.230741536056628 -0.240743323088877 -0.250267909184527 -0.126197207148464 -0.0555388424639935 -0.0448638094654889 -0.0786250875015247 -0.1663063217277 -0.138834884544578 -0.142770749595422 -0.135106370540477 0.0634365345132179 -0.164758263779919 -0.0283606463769691 0.0818285923768684 0.101145117879876 0.116849308776389 0.117614199493272 0.158546230449738 0.157761664650744 0.146469033379886 -0.0263726443158308 0.0827067968323866 -0.00204613973813048 0.0589735718897045 -0.13311378414565 0.0266205456977816 -0.0567706891666259 -0.0513438808307481 0.141519846325766 0.0379510835843018 0.0217240314794405 0.255139700967009 0.136142868743231 0.167809194510478 0.214660606168695 0.210491354991815 0.170424158435848 0.173550638026965 0.212807932609457 0.271512240650604 0.222535899413463 0.339033597207646 0.233268413324436 0.159455360889638 0.0870377896679511 0.29367967479864 0.203296727921161 0.109179760323105 0.122387790312357 0.0355733066793198 0.120232622598115 0.067107513034651 0.0724008622590976 0.0552928705951764 0.0729143770865369 0.0876721272367908 0.132840251396596 0.0636402380592202 0.113502711532847 0.0547863061631689 0.0664096744117973 0.0612477319948354 0.11669821692763 -0.0283913639416322 -0.0904145274100014 0.0468975909048068 -0.135516209389147 -0.163666307119895 -0.0912245588122541 -0.0440819980711796 -0.103377132799835 -0.0950957309090169 0.0115632852413873 -0.134333053529012 -0.114355308488579 -0.0596409010849123 0.0267013870739096 -0.142637787767822 -0.0978256319508079 -0.0674032436238672 -0.0581073169268133
2 0.249052330609009 0.656094065395284 0.293239038395629 0.301743012663735 0.175835421096712 0.202030837054828 0.253808768031819 0.165066192358198 0.329231263498925 0.211529421471643 0.141944911447672 0.299034745965081 0.169897151759038 0.138672372896188 0.415965768473953 0.142777514973249 0.186846936310096 0.329203283702188 0.288784373848741 0.0858756039824365 -0.228137286005026 -0.245448354927581 -0.300531995386376 -0.164440812688427 -0.327674703032734 -0.246549807433433 -0.188561269210495 -0.33055613193912 -0.265024202192532 -0.215559522448386 -0.25938481852025 -0.190658497684226 -0.188009726957273 -0.0666837489345077 -0.314594715129718 -0.0936471794907691 -0.13954176866137 -0.0694123761431223 0.0134429865611596 -0.234172717128522 -0.134486468369092 -0.0510734115716049 -0.147714465359463 -0.0502421199173781 -0.213817941039225 -0.0632446551092492 0.178067766172111 0.0635693580620195 0.184020070457026 0.26128091274028 0.114096746553658 0.0540347696801037 0.118728899704118 -0.0515950015744174 0.108282026383773 0.139347262732266 0.154745683908587 -0.00610342639704306 -0.061684673108672 0.0334306380304124 0.0038238268706943 0.137326493997984 0.0125951828928379 0.0389308490917964 0.214506149702395 0.203961182759446 0.202654614518098 0.161621148162253 0.148616668565985 0.194924221045964 0.239781262863595 0.393181981451126 0.23609704757461 0.323490337354238 0.301598146660734 0.149492493137535 0.175130651254871 0.118842599804614 0.183594835418613 0.229051104573329 0.114274720256665 0.150436282205857 0.0467373929581266 0.0253744125186109 0.072638792899348 -0.0321253049637629 -0.0256370424494612 0.0576086386149009 0.0650420527910187 0.171463931295231 0.0387395640188112 0.122522373674804 0.181778151676268 0.073927054750283 0.0282918526671861 0.0706814023578878 -0.0401827585625861 -0.0246844306739192 0.0819619094556546 -0.0938682912758539 -0.13676872859398 -0.0984715929443487 -0.0765681012587718 -0.114095858158618 -0.115739679003167 -0.112416612640051 -0.0936968615499534 -0.120403544739919 -0.11903432019601 -0.0671237021231962 -0.128379616165493 0.0125029301209648 -0.0951705378376253 -0.0643272095452106
3 0.207480647968296 0.293239038395629 0.732005871169628 0.310747473826074 0.236729675095876 0.25421335678481 0.153932315909041 0.145077663827427 0.346799732897742 0.335576663700154 0.128823398816932 0.359082633061652 0.164696482457873 0.175822538836657 0.482289597425922 0.103814429032064 0.312410810575034 0.252945111067891 0.270609908279072 0.173205558933088 -0.302162500987128 -0.291647933531112 -0.242100066428738 -0.188893109688181 -0.24269411354048 -0.181246552708898 -0.154244322608217 -0.302636172079846 -0.246193555115776 -0.180646172630975 -0.253256998936425 -0.230561682682428 -0.233508593434394 -0.13469157385344 -0.264428445129443 -0.111221136584028 -0.107164181786603 0.0363779134111712 -0.0719070908655674 -0.184631139258225 -0.185694157451501 -0.109548417745294 -0.0852515656836416 -0.154341014865925 -0.0423108507092678 -0.13371991371477 0.404123633714342 0.0769426997859906 0.23725749436323 0.279611836794974 0.175462446317185 0.139284533376349 0.175216646766506 0.0623353155745393 0.101006160932761 0.1526021763723 0.0244797501921932 -0.110402291355738 -0.0630056665473945 0.0458104393043516 0.0176686938164932 0.0733529779148491 0.0277673413946145 0.268668427848643 0.196404701221961 0.197574486570611 0.246133407127015 0.189772767937515 0.168496035894735 0.162167784537488 0.273182157075782 0.303965759913809 0.327937228063578 0.307220724029554 0.165543613657006 0.096852431416266 0.139612956915159 0.0737985742118494 0.0874415973953209 0.150673600104695 0.131361098363925 0.125944478087265 0.117965943364296 0.0706324651126153 0.167886347234709 -0.0498828780447562 0.0106711986819514 0.000651465312936114 0.0301284247032513 0.0472710596120138 0.0346243998298735 0.0969167397141435 0.0811186873827922 0.00663770268121069 -0.0105852193777439 0.0626254421783684 -0.0438644117414143 -0.0138968650554769 0.0435457704743634 -0.0164183963614694 -0.196105361598182 -0.1065566770256 -0.0637429942073404 -0.127352456782145 -0.0737403165881927 -0.130475987965556 -0.0425872035255086 -0.123513041652145 -0.102148553044407 -0.141991666554156 -0.115520656413276 -0.0657215462639345 -0.10666744075639 -0.0164644678679693
4 0.220433054815694 0.301743012663735 0.310747473826074 1.16594380434726 0.161808740973963 0.197364780720759 0.122073441476146 0.0819523870795296 0.266744544596801 0.30444155222958 0.17171650309614 0.436030225285744 0.143457283346625 0.25678978153011 0.379726102415492 0.192022919838748 0.277169095521393 0.198408926762172 0.240008885811268 0.207394643048228 -0.31533303001879 -0.300396823545567 -0.331943408255978 -0.212676621965613 -0.191127029036812 -0.251697039985045 -0.13919615667541 -0.215220097035379 -0.158973968592671 -0.194757218044978 -0.152590250681992 -0.108466895452627 -0.265872744330494 -0.184351565077373 -0.292442661201818 -0.0662310842627614 -0.0543730414368553 -0.00626501106795653 0.0800834420793635 -0.155440221827573 -0.127266361613639 -0.0918178971087705 -0.327260294072714 -0.16794999273914 -0.119575790390178 -0.0427368767002129 0.181237485844356 -0.0432389298609277 0.249797938554164 0.191846492573141 -0.00710323401532593 0.159179918880163 0.0708731373783127 -0.106114674581283 0.21845842754571 -0.121675345189195 0.123215601500827 -0.0507610986629997 -0.136240998414825 0.0286980172669348 -0.00642432127589245 0.216617230664555 0.115066732827097 -0.0254810965212184 0.169921007753328 0.214902667943622 0.297249830944767 0.190849535827727 0.084872322870087 0.121351923203306 0.287330521640475 0.277162599141648 0.187801602118995 0.312184655678974 0.149853821545559 0.0669561620212096 0.138733407491642 0.142006470962288 0.133950885513076 0.176428003336985 0.053551407795018 0.210302793246463 0.000276582985386787 0.107642555619257 0.0282059014375624 0.100550248079751 0.108290244763022 0.0347276635540558 0.0741071185306812 0.160665580228232 0.0292274912065333 0.241164909138233 0.273787852964374 0.0293479494269065 0.042387158313649 0.0767757726781733 -0.00585667361388166 0.0243201477430186 0.323668058877186 0.0145945382545446 0.0193709170101661 -0.0782806586386009 -0.0472425394943177 -0.120746214688401 -0.0438021562729365 -0.122769897373141 -0.107872523038227 -0.0719939907478328 -0.0631653884248831 -0.153872926473302 -0.0544283697446494 0.0359772478162527 -0.0752944922096643 0.050478885773657
5 0.180131284316542 0.175835421096712 0.236729675095876 0.161808740973963 0.721001153485893 0.144815049343989 0.115460640205979 0.176626231842803 0.235848069649621 0.262047635517837 0.17477201712424 0.201935489507476 0.087168284633528 0.154320760646248 0.290464265287204 0.131165594879002 0.210257583050398 0.125160168717964 0.164584586339034 0.125738476058645 -0.228918704332036 -0.201087030681651 -0.135986480213348 -0.125609426383408 -0.210301239634222 -0.147170733544805 -0.162211707797845 -0.162044131074819 -0.17896053911511 -0.174696161243753 -0.23339967617224 -0.196522096574349 -0.27508094557126 -0.118101133424149 -0.273068263720843 -0.00409178245999377 -0.0484841873353554 -0.0109557188453669 -0.0730710139352665 -0.0739842546595263 -0.00239716830202333 -0.0407389721161269 -0.182955230188044 -0.0235761132103047 -0.112925959492285 0.0756784642538522 0.170731425979463 0.131376736917569 0.065693654619769 0.173173429364484 0.170935178385693 0.214745495855017 0.0513519076206917 -0.00310913612882045 0.133321031023803 -0.0427126027117663 -0.0494887051394074 -0.128696877917879 -0.00299668693641361 0.0951146385268079 0.0274326831605126 0.128908877780824 -0.00992937301494791 -0.00209223807208322 0.0543909034818542 0.0459737600732833 0.135631630557736 0.149588797826031 0.138718855918098 0.108570248464766 0.120672565690319 0.207766817826373 0.0864319262615111 0.129088117750535 0.202220550879196 0.0512897014148361 0.0361706835238743 -0.0444429449538307 0.0641002149544706 0.0318942016263672 0.0292043740128316 0.158509995556084 0.00195811539219841 0.0768830093285738 0.0873982873794021 0.0303236353757136 0.0142186984022835 -0.070214170649023 -0.00608918993148105 0.0855081825655572 0.0737670527441548 0.0232546763335616 0.0240682650109032 0.0257970966239145 0.0025666261128245 -0.0137177718093318 0.0584514465390529 -0.0564933064357307 -0.00625350618566098 0.0100070966493878 -0.0961204953574958 -0.0873417375614922 -0.0712171844453062 -0.0914757399757033 -0.142246973289405 -0.0837649848155767 -0.0610981083772113 -0.103332174102162 -0.0456186411249021 -0.0380739891782814 -0.12499183797527 0.0251463162298196 -0.0460913527247771 -0.00464049930088207
6 0.176192935397319 0.202030837054828 0.25421335678481 0.197364780720759 0.144815049343989 0.671950458949599 0.0715064652280748 0.128276897992224 0.277631362948399 0.272512629269567 0.12409603900567 0.222253655064545 0.10713168112136 0.0665646478718969 0.276500544513627 0.0807515578654925 0.145886901754605 0.159725731617549 0.228955482215753 0.0755031848224988 -0.187715131910425 -0.18796877860906 -0.11411651595747 -0.14824121325476 -0.229274566974166 -0.121167127863868 -0.169877796057116 -0.155475930557867 -0.155698261868938 -0.0859346608641509 -0.136928554800651 -0.100575405783835 -0.172161876456808 -0.013403104344338 -0.0835266360315376 -0.024526164181517 -0.0884204541871454 -0.0715404586388161 -0.00191676674856065 -0.157058936715005 -0.0140211573995841 0.0194648986261531 0.0063831339710315 0.0259665446859062 -0.0468894738016343 -0.0723952713563998 0.188133530693011 0.0748765717485351 0.10721776602805 0.0841768284306015 0.0294584409956119 0.131153696599016 0.118824073733438 -0.030563414184604 0.0397641472842844 0.039279201733499 0.0808597321320377 -0.0582322584448755 0.0477455543922869 -0.0456209699900209 -0.0143488166036381 0.0641253800461169 0.0817305415950751 0.00794876558318379 0.159780471396472 0.0367099727786391 0.0940605528785621 0.097087954140289 0.1492746695112 0.0969271320051258 0.148951241572356 0.132924165274349 0.193742727954686 0.140651854110489 0.161854211273204 0.0377238430110267 0.126282527114633 0.0559897591454584 0.165329278176267 0.0836381148321187 0.0946051833211138 0.131886730599238 0.033829679374622 0.0669972561982162 0.114626592942642 0.0281012256174079 0.0190174287059419 0.0416562509335071 0.0796828558263961 0.016122213295629 -0.0199288212332569 0.12523282742816 -0.016916907154661 0.0209459490602048 0.0243629741752221 0.0580258217231693 -0.0589359385187525 -0.0302372558356804 -0.0209641621885855 -0.0123956996247167 -0.119346909652427 -0.0881857889335124 -0.0674382763981097 -0.0764804030849923 -0.0876374575581144 0.0074276665505394 0.0145046856442931 -0.094030572053643 -0.0593811617213813 0.00164727806675814 -0.115615157572039 0.0775849676475816 -0.0654215173857869 0.00432290516188955
7 0.266474682941095 0.253808768031819 0.153932315909041 0.122073441476146 0.115460640205979 0.0715064652280748 0.631222179580778 0.155695841862352 0.144349763201231 0.185351143915217 0.0975397892049431 0.188544463321466 -0.000923521908838645 0.165093263967357 0.196306947084288 0.0967025799741188 0.0835778287366836 0.178827124647907 0.147973545859652 0.00878511536787241 -0.130052120178704 -0.185162522594047 -0.229349156467021 -0.226889155894431 -0.211246999855248 -0.185059529685983 -0.150697823551625 -0.135531439576981 -0.307048883211013 -0.16201233813159 -0.198695968249368 -0.164482674904939 -0.20189562430029 -0.16311952683834 -0.222303661792367 -0.124537385417817 -0.053739479585107 -0.0925722531262577 -0.0420112322822605 -0.112708104654453 -0.149697837221117 -0.163931923303539 -0.117830156841726 0.00818969252217457 -0.147955500204702 0.0180662656704155 0.0463175402594655 0.00732262347026452 0.101838763597047 0.0625435762928072 0.033040869602554 0.0523146235705628 0.0690455147620524 0.0265465372234968 0.020091407652172 0.0479146637205173 0.0985924263126813 -0.0830687956116897 -0.0129109152861067 -0.0347534337157419 -0.104999148684404 0.0133668968597672 -0.06091585729199 0.0217521813617834 0.180616387700118 0.161757209004931 0.171168622990762 0.13147910312202 0.20232092038409 0.130887555265309 0.231808062047327 0.193903158946447 0.232494433890176 0.198393946232037 0.150111535187951 0.133428124358444 0.114941404760137 0.154691944042496 0.159768677250668 0.21720387897321 0.0695530311355986 0.116854402002407 0.0611408842454952 0.019536402627162 0.0267249152915493 0.0781199151628196 -0.0511777935073042 0.0235272355125424 0.0390581001013357 0.0960065307925722 0.0883931139894073 0.0590179992994995 0.0462610986884155 -0.0178233589249867 0.0195425667141566 0.0203480605504692 -0.0295916999735147 -0.101512404257582 -0.0224750935396105 -0.0747215264653479 -0.154546313163186 -0.0480889931857593 -0.0368724690849756 -0.0825124145215228 -0.0664640692007138 -0.122902021854898 -0.0304063915617946 -0.0556960506819879 -0.0363835009943254 -0.00540185287640294 -0.0545091666386349 -0.10248590334164 -0.0611306410673348 -0.0516195690423881
8 0.246828390411815 0.165066192358198 0.145077663827427 0.0819523870795296 0.176626231842803 0.128276897992224 0.155695841862352 0.600368599659498 0.137581627991159 0.206665802841291 0.13932360212491 0.150914011723937 0.142031283603709 0.100137074836424 0.138685418127215 0.123168298114827 0.181462040386547 0.140312251776519 0.147343094893225 0.093433828533418 -0.195994310719784 -0.124701974372058 -0.224511283232081 -0.265134101218879 -0.224906207252584 -0.0887171998653875 -0.134339498026352 -0.144476341854166 -0.280409831848656 -0.133189132465056 -0.174558232908198 -0.22215075944671 -0.211196289703128 -0.256223649817846 -0.218472456801466 -0.111805343698035 -0.0316122636225687 -0.0844063791042624 -0.14884822606112 -0.19657455678275 -0.111560586685759 -0.151909257066083 -0.0585438745250026 0.049257236850888 -0.0738733776105545 -0.0630383757231851 0.0757706508806297 0.0762422062132858 0.0348039477973202 -0.0104161273721843 0.065446592458243 0.0892299133317721 0.0832668078671397 -0.0486455635826479 0.0860511608208148 -0.0367814471807659 0.0623730288669874 -0.0170007532597117 -0.0298225132875486 0.0330283223265516 0.0534665367928962 -0.0402092990421892 0.10303604137269 -0.0266783870566725 0.181579370655723 0.121725250298808 0.141434154482917 0.197993540910038 0.195651066708845 0.136960963290291 0.150533453619041 0.131124341447735 0.183406552643233 0.258758558752459 0.129522347556703 0.121496870845381 0.109644503492698 0.0118229891784621 0.173856271642962 0.161559182164547 0.0847360396473974 0.159490141447952 0.0840527311539212 0.133528056666631 0.00899234548758722 0.0157679729145014 -0.122088865251128 -0.0465683234027182 -0.0251158333688385 0.0488272847096211 0.0757571421129665 0.121626992808915 0.0307044326337932 -0.0538576384558807 -0.0409149945701965 0.0356666995042654 0.0429317965312906 0.061423653416892 -0.0762386137923467 -0.053669755175209 -0.150825047007874 -0.0723572675070663 -0.0309319149653911 -0.0553956941939917 -0.106001130568206 -0.111084319413331 -0.036661678168972 -0.0647988788976092 -0.0166808340506308 0.0797636486997284 -0.05319468049787 -0.126907467310486 -0.0734317354193402 0.00112557126415656
9 0.314998058960334 0.329231263498925 0.346799732897742 0.266744544596801 0.235848069649621 0.277631362948399 0.144349763201231 0.137581627991159 0.95262640804802 0.34083232275576 0.114159851263202 0.290605809528018 0.252651827712312 0.198155876332265 0.329703678676024 0.126510751879267 0.245095161454951 0.195851218595245 0.266514125671521 0.180790403549997 -0.231564079609436 -0.224320071089496 -0.36353346600609 -0.207967428622731 -0.34640621246323 -0.217097214638472 -0.219596219630478 -0.283751329257474 -0.172905012441379 -0.132343516136845 -0.249196178851599 -0.292379379159508 -0.0848155057546143 -0.0604591954327605 -0.252730800266927 -0.0549193245657208 -0.147613655809402 -0.0647272479323506 -0.0993828055213662 -0.165641003222219 -0.121545290721053 -0.0815275831651912 -0.0820303129318819 -0.0549685728237572 -0.100280805158728 -0.101872262193745 0.301030210770703 0.145088081730486 0.200465329751893 0.187167993790535 0.231202620579645 0.192401470197165 0.118853155101615 0.0259828350133923 0.249091384103782 0.157418961495295 0.141986535383055 -0.107220000959715 0.0195045653535868 0.11606216340534 0.0814318589611393 0.17443428478901 0.0358933529309451 0.163766589971178 0.17319211254992 0.101222597952974 0.139658382554511 0.103104306526797 0.207488356964223 0.171567207379205 0.240277338690097 0.385363660452456 0.267129498518381 0.324153190876853 0.255162672962658 0.1914616609568 0.109165612137408 0.0859048184025367 0.174305656295021 0.0675147325478368 0.119448603208455 0.15339015498559 0.0232788597719772 0.0428020294565266 0.122159281416051 0.057456073456305 0.188405912861294 -0.0262477087109325 0.0368582003855246 0.122678486746234 0.0476984128526329 0.261726470822374 0.0123994827709646 -0.00880169401312727 0.0538536434999459 0.123241774471447 -0.016186302573088 -0.0451114729698162 -0.0763993279638378 -0.0684338023307818 -0.0961092859677682 -0.117371872207529 -0.0795419026197257 -0.0608147371241036 -0.121281249346308 -0.0687578500141021 -0.0676767271535834 -0.160457969070838 -0.141218621138636 -0.157332505094483 -0.199820894614453 -0.0672425240274129 -0.15039853874962 -0.0580983788274255
10 0.272935432435596 0.211529421471643 0.335576663700154 0.30444155222958 0.262047635517837 0.272512629269567 0.185351143915217 0.206665802841291 0.34083232275576 0.941949386066576 0.163910938444378 0.433606455256937 0.137790871975096 0.17044372072419 0.274430196379328 0.14414771361055 0.260352443612587 0.29096134311166 0.361162296714975 0.172499964607473 -0.393311835331895 -0.350827396476154 -0.227746543011184 -0.366642271847527 -0.375715839543812 -0.269195631504054 -0.235596725275384 -0.241097222635853 -0.330055167416419 -0.258305489817352 -0.244899851005999 -0.323206948917214 -0.361538838072532 -0.261144552906822 -0.341155622669033 -0.0991303631317527 -0.0509549793227005 -0.0987625490200313 -0.0330153968240534 -0.253386115931239 -0.139724200128282 -0.0431758882580926 0.00150715658997494 -0.113396054386203 -0.0789234513927593 -0.0611777796358682 0.31508128960247 0.158682710581012 0.182610476122929 0.0953513141476431 0.220089690407476 0.187725235945963 0.16832350609564 0.0113776100441301 0.40918160974369 0.099968433852772 0.0435235500014812 -0.000801859558403124 -0.0181181498648835 0.0981911622857738 0.17460616450898 0.155778875874345 0.0448232880286893 0.187964657589446 0.18423983071393 0.114501629267501 0.204266578030292 0.184181529376744 0.168773080847723 0.0965033027309476 0.144638706550134 0.265400811442432 0.208329417397985 0.257504026508805 0.213629694777632 0.0940909072114993 0.0294898118645674 -0.0552769104890073 0.141478109544014 0.128297355894712 0.0744440854674209 0.229911052965681 0.0412973663875001 0.126246058237263 0.162894566297825 0.0272807676076613 0.0139113734454496 0.101534896234608 -0.0797192941785276 0.0624103244698319 -0.0114934008823364 0.195404660903302 0.108055815606071 0.0154253554431808 0.0228862378892679 0.1153871693469 -0.107915928910958 -0.0905870053348128 0.0860102288568458 -0.142564901504214 -0.178798013426713 -0.108568577098405 -0.0672286634872806 -0.115075869008115 -0.136178394255778 -0.0403922367076769 -0.0681642193925726 -0.0979634617412496 -0.0798135946247653 0.0230331069996643 -0.162097272939324 -0.181154282839313 -0.124204417006398 -0.0626738679386967
11 0.155652588026953 0.141944911447672 0.128823398816932 0.17171650309614 0.17477201712424 0.12409603900567 0.0975397892049431 0.13932360212491 0.114159851263202 0.163910938444378 0.434506326201282 0.116233846124237 0.0891671382190885 0.173002400720456 0.0838099629695627 0.117866317028032 0.121800921773498 0.0495247379741455 0.0949690336216011 0.0821178935848633 -0.124414487000638 -0.0642445900629608 -0.123095432183596 -0.0486472206794062 -0.0807522216435082 -0.0996718545810755 -0.0498261778154128 -0.105161511826734 -0.0349783478379353 -0.094022288627134 -0.140051880386509 -0.072145487503513 -0.0533928087664985 -0.143746723948316 -0.0527183910441386 -0.0510643007571302 -0.0648677994428558 -0.0415470052202135 -0.0952129908157936 -0.0506220603753278 -0.00877233460333259 -0.0342493668750725 -0.115369457933597 -0.0702812881825935 -0.101914333359461 -0.0557304488836238 0.0302008433040085 0.0234598411056593 0.0325442477693387 0.00954505933856812 0.083050869971107 0.084324731047792 -0.0147351942320288 -0.0804948594019597 0.0713343898794987 -0.0393183309469001 -0.00225265060125893 -0.118711340228864 -0.0336907206249354 -0.00147850793585125 -0.0807840114713661 0.116257991372935 -0.0104490229519006 -0.0520564959072454 0.0461832574875574 0.0637198456349893 0.155385463229901 0.125926154410985 0.119934981746586 0.102269413387056 0.105603102990726 0.134036520649622 0.090759173226914 0.111066901744778 0.0682793718711432 0.0445630521453506 0.0436156852555528 0.0609233470327693 0.0548290763515047 0.0920819507840742 0.0289749536085697 0.0505308447504526 0.0292718629753397 0.0336730808394102 0.0444369417904315 -0.0115620394410267 0.0100865664678455 -0.00563786714794146 -0.000603530650606017 -0.0014946205238245 0.0298756345041201 0.0371781014315063 -0.00252784873965994 0.0132662950160889 -0.0135490375439126 0.0176789787904821 0.0352667447530486 0.0378007220824243 0.054887203342364 -0.0337107109847299 -0.0979760938851871 -0.0565429543698192 -0.0411655586545386 -0.0361159104070321 -0.0587337092684325 -0.0375235343176351 -0.0442016601851594 -0.015449295855795 -0.0808613024737209 0.0183778986194749 -0.0607319822858954 -0.0246001656987802 -0.0398146279220008 0.00594090665061808
12 0.290587949821719 0.299034745965081 0.359082633061652 0.436030225285744 0.201935489507476 0.222253655064545 0.188544463321466 0.150914011723937 0.290605809528018 0.433606455256937 0.116233846124237 1.16823340455194 0.113564328489582 0.207557892865558 0.484337799313814 0.0985397885878203 0.231642786948901 0.259411891768162 0.295653011052174 0.160520352024322 -0.411781353325143 -0.448766565871594 -0.455562727919711 -0.525325260427564 -0.397636934539611 -0.361790447751941 -0.267577274877414 -0.414530068420801 -0.314138490162466 -0.228906406640443 -0.175376824386684 -0.417832528319867 -0.441227513856544 -0.312092330025895 -0.396968847223971 -0.163702272526521 -0.114106229413484 0.0136064632788523 -0.0468091767009064 -0.282545427162239 -0.112979510843776 -0.0215313523187683 0.0829112044045414 -0.0645530984605847 -0.00454324393296298 0.0897478142634218 0.364653379199727 0.22188462469712 0.2951033507395 0.210785416424051 0.283479854778475 0.151254240799416 0.149258477023744 0.0271420970989737 0.341887558825919 0.201463090195888 0.0207623403222105 -0.114268726733866 -0.132191047226472 0.0839618850787618 0.129623815894133 0.18154367805672 0.0918270672574883 0.0991115320055822 0.0809624074871414 0.14942933664563 0.197808815025673 0.132024712150721 0.222727693571365 0.188460345073328 0.21819956664883 0.352886796889561 0.172802927633459 0.233564434269352 0.395464936873451 0.117860137946452 -0.0159619963574476 -0.0273556763450333 0.202292803061564 0.138755718604647 0.0272110363378838 0.249598406005607 0.0513040982317854 0.07796990808024 0.0990476953523347 0.10516636170648 0.0318577907977875 0.110913368605596 0.00218427985309358 0.123768774830353 0.0427689193217488 0.189032457028278 0.197528206984138 0.00208557682398581 -0.0245470212548277 0.212289474189248 -0.267724419492372 -0.120542607651322 -0.177607124763136 -0.117197148448818 -0.171435685118065 -0.110541879384503 -0.0502219636703288 -0.107969294861571 -0.169074584851705 -0.0844223464414714 -0.00238599672559371 -0.131371557576628 -0.00425962886858177 -0.0541523657869062 -0.14521351479878 -0.240311972565453 -0.052653361255386 -0.0421752641507903
13 0.16066475798045 0.169897151759038 0.164696482457873 0.143457283346625 0.087168284633528 0.10713168112136 -0.000923521908838645 0.142031283603709 0.252651827712312 0.137790871975096 0.0891671382190885 0.113564328489582 0.799142763628441 0.122904782454573 0.164909916277647 0.119754313014795 0.174957171300262 0.13953678883967 0.166376205774699 0.140801555027778 -0.159199871561919 -0.220461014007807 -0.188232924800207 -0.103349915893014 -0.162369060141273 -0.241128116836668 -0.132829726789827 -0.088355709621562 -0.147303284106277 -0.0977169069280943 -0.169807312380895 -0.0515590135311667 -0.0487469548180702 -0.0812952444578014 -0.266941429453328 -0.0903088057450534 -0.0899404013463193 -0.186057639297716 -0.0639165849234524 -0.196124620181917 -0.23784741028964 -0.169311160191628 -0.0984751667785812 -0.0947984742361052 -0.122337440387004 -0.136861563147349 0.224118725310201 0.0648772997885655 0.0570586763738592 0.162487697483068 0.137228519693712 0.2170110173235 0.0479146107621253 -0.0274545758516264 0.0601086916557637 0.0780199325780659 0.0189504932914546 -0.017475658169012 -0.0416051635566367 0.0239805075703909 -0.0594518770829176 0.10742411550878 0.0295705092858891 -0.0285562138317949 0.124802897703102 0.0483491942481986 0.121483513973383 0.114850266952632 0.0380707564524379 0.0717942020739816 0.112873979741018 0.255990736155717 0.147327164889129 0.256441339763282 0.0845541719410524 0.0603365664634739 0.073752704151071 0.0171403526404195 0.0548730616048593 0.026640789903329 0.0310472799437679 0.136758317489901 0.0162597729146883 0.0698668581134306 0.0849043387958829 0.141040680733837 0.209181900253581 0.0392140568943797 -0.0399970124747349 0.0991467792454614 0.0406308436442701 0.0425214957777933 0.0728545850488092 0.0195762503555481 0.0369391579084854 0.0912146470959646 0.125352572120763 0.0101129749621626 0.0151253224391712 -0.0300807396230963 -0.0533220681940616 -0.0498157223835149 -0.0143633748827374 -0.0466414345238475 -0.041223895182592 -0.0642919873944249 -0.0931458212612283 0.00915261538751864 -0.0672088891341063 -0.0160930466786132 -0.0991830014592918 0.0243857795710568 -0.0627206660668959 0.0220755538045171
14 0.183654408190317 0.138672372896188 0.175822538836657 0.25678978153011 0.154320760646248 0.0665646478718969 0.165093263967357 0.100137074836424 0.198155876332265 0.17044372072419 0.173002400720456 0.207557892865558 0.122904782454573 0.707690180772297 0.174404626420573 0.15874738920206 0.0991297090396831 0.120882080430199 0.211339329743921 0.225480607114001 -0.225925134153295 -0.249489522391713 -0.273553256434706 -0.139247656680416 -0.198703393828634 -0.132058625478429 -0.0682914297726556 -0.289634774818241 -0.141366117519984 -0.0618748968234855 -0.136505658787919 -0.169636595070253 -0.0656545767249925 -0.228923944452479 -0.217273609493178 -0.0869293369210405 -0.0737292122062744 -0.0299211942701834 0.00342803355913375 -0.170798757734821 -0.151533703467315 -0.118817853829706 -0.0447371265724396 -0.0333277515893219 -0.104254963884783 -0.00126556013549076 0.136761760809767 0.127720015634381 0.104602048596422 0.112580595991582 0.22153402726389 0.176099722791848 0.0439797932473617 0.0132121649063502 0.145415169957887 0.0324760300680622 0.0459219730956182 -0.0523949370832286 -0.014872874748304 -0.0159872732987276 -0.0039013676510416 0.15968130184631 0.102874587383652 -0.0498663817769034 0.0750731918716997 0.173656380495858 0.196784783346268 0.172579594600028 0.0864201952228853 0.109990820663856 0.109222802030143 0.262075317591264 0.256086120064751 0.231898777891729 0.148950955430641 0.232405771978904 0.0498291868067137 0.057827666577894 0.12527335771994 0.169777804954693 0.0375314091234724 0.0668732200579374 -0.0105518711656005 0.0148402961664898 0.0252274786922439 0.126086786148575 -0.0168002893937026 -0.00903197534525021 -0.0203289701729861 0.0462456488731704 0.0201741686115888 -0.0051439486018176 0.0663086018866581 0.14116205581966 0.0767487484041576 0.0384346431146589 0.0554265116638103 0.00618162657096677 0.0871701139549789 -0.0808982542695404 -0.19386056247514 -0.0891914635271281 -0.0570772052294817 -0.111056967128853 -0.0261881138640536 -0.0566844650663405 -0.0885240808146294 -0.0337345736595363 -0.102092405678292 -0.0624038405599416 -0.048937440461126 -0.0953968740609813 -0.0413123309388717 0.0230203765399902
15 0.176721635347293 0.415965768473953 0.482289597425922 0.379726102415492 0.290464265287204 0.276500544513627 0.196306947084288 0.138685418127215 0.329703678676024 0.274430196379328 0.0838099629695627 0.484337799313814 0.164909916277647 0.174404626420573 1.16789909861165 0.145891529960401 0.282116040680868 0.267263968268297 0.298846437244634 0.122231372348849 -0.291857891963567 -0.442595314043834 -0.298814606343943 -0.294409367507079 -0.334540526851099 -0.350203359241165 -0.240396752872754 -0.306342702269307 -0.410625986587281 -0.250340108262239 -0.345437402279542 -0.225153593487949 -0.265981061569188 -0.270549526261635 -0.327438022743016 -0.0857412916015304 -0.100905233587032 -0.158098815055876 0.0352981745725778 -0.334956983072342 -0.363056096282453 -0.117361573649281 -0.150111281365142 -0.152968013817213 -0.21805062139038 -0.102772732894074 0.33452558735859 0.0812261642393735 0.207134135757771 0.317482983971201 0.266633624005865 0.195244796070956 0.0926653026471122 -0.0336614052816228 0.12670637214003 0.174984740677982 0.0758935788627891 -0.0814185035818255 -0.145649219808295 0.0806953334067632 -0.028641582579898 0.136877946063158 0.0932862675271445 0.163593146339075 0.226848596485578 0.241495491939401 0.290313250930827 0.233972984891113 0.2168849408045 0.19151831668582 0.315345597802357 0.434901982914644 0.232273783902113 0.404681930532899 0.40902000089818 0.0793539843772616 0.176352562245253 0.0557798838944109 0.159490719915431 0.178498253253796 0.0814087485965294 0.224489512665877 0.0888584394332611 0.0972041001576109 0.116506670096624 0.0378457988441283 0.0173410543828802 -0.0565407861270402 -0.00816173609517174 0.0803631757658636 0.0958984770653829 0.245146211154964 0.150476045040475 0.045487318430426 0.0366275463952555 0.0687705726121364 -0.0184713464702496 -0.0663018330718732 -0.0240666342716259 -0.120054100566245 -0.145675890350757 -0.148832821403674 -0.129756615036178 -0.182191880229681 -0.160096512154558 -0.257438700316853 -0.129611648509455 -0.251529950346435 -0.167025059840988 -0.16809960601246 -0.206454508312491 0.00137678110121572 -0.149635370683034 -0.0444744638001717
16 0.117084950978647 0.142777514973249 0.103814429032064 0.192022919838748 0.131165594879002 0.0807515578654925 0.0967025799741188 0.123168298114827 0.126510751879267 0.14414771361055 0.117866317028032 0.0985397885878203 0.119754313014795 0.15874738920206 0.145891529960401 0.632019406813131 0.164371705982106 0.143548024280944 0.191845007295874 0.0570955250190019 -0.164568076596679 -0.142145853181174 -0.237340800972325 -0.111546296189175 -0.196311041107877 -0.0479147236767421 -0.173473588220766 -0.117644808568349 -0.100059226033462 -0.185138351567705 -0.164490560450837 -0.0575630300700337 -0.197704559934062 -0.0826017464874818 -0.190147472801314 -0.106368271279451 -0.0484553089249464 -0.119516502226137 -0.0146888887054725 -0.10282712769878 -0.124568204649189 -0.1612060730357 -0.222597624197823 -0.0199139239085414 -0.107916088269263 -0.0953057401769111 0.0676335906829058 -0.0428857470844429 -0.00540747049350102 0.0452007814366607 0.0690629141438638 0.094509557925841 0.0565525248673798 0.00649936239738005 0.046364306849994 -0.0214509940313723 0.130710135832369 0.0181992554372378 -0.0189926578795509 0.00991160542032762 -0.0841106687690529 0.0786060142544722 0.0910334414380233 -0.0541551729346529 0.134085382836959 0.159517373042678 0.203496945310257 0.256117327160512 0.0939960356324621 0.190656223437373 0.097148060910308 0.260890960173918 0.0831897854525928 0.214836722088598 0.193591064318841 0.0549973876318434 0.0730629578790788 0.0391778772958637 0.0703996272432188 0.0911934792946725 0.0877334186926259 0.168081747393088 0.0315095460530515 0.0285350503472287 0.0314883480315231 0.0722101904333291 -0.011520753909228 -0.00653522344847474 0.0559461494365482 0.0758230621174248 0.120319144279298 0.0149463041899854 0.0875999899773062 0.00525039658506196 -0.0632808830491144 -0.0530467931402297 0.050544526406069 -0.0188031736873069 0.0577156929067238 -0.019804353628234 0.0377273219206643 -0.0783329701107664 -0.0368417061210848 -0.0777366384374063 -0.0557784356297735 -0.00901576449485745 -0.0957581227097829 -0.0118167758347986 -0.0896865242062078 -0.0633417592783371 -0.0769600359331203 -0.0775159958794527 -0.0640278689401062 0.0503017197884884
17 0.0788388586519612 0.186846936310096 0.312410810575034 0.277169095521393 0.210257583050398 0.145886901754605 0.0835778287366836 0.181462040386547 0.245095161454951 0.260352443612587 0.121800921773498 0.231642786948901 0.174957171300262 0.0991297090396831 0.282116040680868 0.164371705982106 0.961847292224964 0.167339438358154 0.170584369518043 0.107333204044944 -0.165128922359114 -0.251636630569002 -0.208418311384874 -0.255055738578912 -0.139824932633883 -0.194147446043312 -0.207785800158708 -0.115854668064778 -0.20530188885106 -0.16083951424042 -0.133117386059366 -0.241246669878313 -0.227401941415326 -0.0700096322484192 -0.349793889878317 -0.157503387713291 -0.0510297558220023 -0.150422052459727 -0.122477989779134 -0.148852807723129 -0.227533839304185 -0.1886780643578 -0.131733425000682 -0.145906938540214 0.0499688540728444 -0.0647246167973432 0.395705684297032 0.180223365254875 0.161501947945535 0.151246078718902 0.0606944055486406 0.0320537173978165 0.0815308804174152 -0.0338659089186798 0.0380603200161923 0.0958124366862353 0.0102404161033985 0.000735413939055648 -0.0357695220007003 0.0764864512816796 -0.0142094949699206 -0.0117586841833567 -0.0410544626704412 0.203418938870837 0.0858215878047658 0.0815059981009564 0.0543996937398686 0.257100349206288 0.0358192467917804 0.0774117229131068 0.145822496416234 0.304558341679648 0.137327642854822 0.192592672230296 0.0311642828233969 0.0919654863620395 0.0450884725731 0.0235808576747892 0.0684714540276221 0.112275897103485 0.0933064496520832 0.105021698386827 0.0287829949332918 0.0792330560212778 0.0886547878951091 0.133459516383957 0.0774194803484198 0.0797120973264848 -0.0284144877223956 0.0986854401702665 0.0481035467702897 0.17149886939236 0.0312753340968994 -0.00646980345898926 -0.0362709760661608 0.172252511218842 0.0918740898003997 0.144973043215803 -0.110532759837804 -0.0616730034013643 0.00314103524731845 -0.0575245997239154 -0.0352502440460994 -0.114621809096207 -0.0938951080250113 -0.170296640540359 -0.0390371601051654 -0.031839748585881 -0.0384768180409745 -0.0184165467598791 -0.0476146740993548 -0.0426050342307467 -0.0193564959413669 0.150701689602578
18 0.280341742322728 0.329203283702189 0.252945111067891 0.198408926762172 0.125160168717964 0.159725731617549 0.178827124647907 0.140312251776519 0.195851218595245 0.29096134311166 0.0495247379741455 0.259411891768162 0.13953678883967 0.120882080430199 0.267263968268297 0.143548024280944 0.167339438358154 0.742261800472262 0.333486866736219 0.193518401830949 -0.256051577839411 -0.217316195932684 -0.204963518040351 -0.225668351595431 -0.289677067984153 -0.238169979448599 -0.225121339231174 -0.146617884418026 -0.306901777505841 -0.194814255170854 -0.177232905471712 -0.267743428656649 -0.261602216018907 -0.176503485109421 -0.303492486646202 -0.0556748244393096 -0.0774262765782115 -0.0800453144723464 0.034850981758328 -0.224919203441742 -0.205203598063094 -0.187660417249288 -0.144709786149574 -0.132940733505361 -0.150812625355406 -0.140210407298449 0.154838699092282 0.107546690737607 0.177686019417146 0.275789599679075 0.208384974926226 0.0552832723095916 0.243344576883554 -0.0398860269229169 0.0980095223425142 0.0930007637331439 0.133016711283355 0.0338626952882737 0.0143671667702604 0.00209785860945977 0.0488316572251358 0.141478862036377 0.00869549289845378 0.0768877850215667 0.178260815427883 0.125540092499018 0.111113941068172 0.0931951900488517 0.136631771430268 0.0938136261687353 0.0974619741715786 0.309132905708104 0.217127868109668 0.262202686697954 0.325009813455161 0.14374824907697 0.18367669462624 0.0554430451020177 0.206383573288902 0.150150036662709 0.104567347522187 0.217625855729795 0.0566999776527832 0.0674479412621223 0.146226459152469 -0.0166101889686163 -0.00594468779372243 0.140069629443201 0.0190603736116889 0.215339785619574 0.056663338260836 0.130712406329368 0.16565079516204 0.0249942593357518 0.0534594649390549 0.140836882679949 -0.00521660155531755 -0.0820706649392638 0.0558082303846712 -0.158312617845725 -0.12552981101046 0.0378048759817728 0.0128418477700897 -0.0699902086008332 0.000755767870522507 -0.0213941327828116 -0.0833618977763949 -0.0113170374646058 -0.0241356626231916 0.0612649587217355 -0.0517642260199366 0.00459917250967699 -0.0543910804337749 0.051866349035635
