1 0.776633051262644 0.217671718128371 0.228725461378249 0.17026911894933 0.148392568621821 0.254418821425129 0.226167149876741 0.211515161490729 0.282309736374809 0.255461738246399 0.164877305654346 0.258540786954447 0.137082138555011 0.134130601019038 0.174364104905825 0.0624449826041838 0.0526529587644957 0.180931641325972 0.158692915086668 0.152583231976792 -0.268325925589159 -0.153045694729801 -0.359811502602631 -0.272907733200018 -0.22831588644055 -0.20389248973228 -0.2230240287599 -0.247539990933174 -0.283481570326099 -0.193207972349528 -0.270310020493272 -0.202587714685446 -0.199067970980331 -0.234551321490746 -0.172713322396675 -0.154267165746182 -0.0489461258182265 -0.0479573708196991 -0.0720006536237582 -0.124652154704099 -0.127614971435632 -0.151281535939208 -0.0593332843196793 0.0274826097278906 -0.144514432995106 -0.0571410861938346 0.109793447413153 0.0956508243708283 0.0755644763944446 0.097615271884859 0.14386029700373 0.118407055495014 0.114923418330445 -0.0339947232336238 0.0864396663354466 0.024883753392764 0.138563808511113 -0.0780976803704704 0.0462379590758034 -0.0510250431669606 -0.05277280462391 0.158667806192358 0.0742389718671262 0.0176065312812012 0.219553674902601 0.118869101443059 0.211867504283769 0.143280649953501 0.223619957935976 0.19651037348555 0.143341159350323 0.196349102552842 0.20172030291151 0.175510018316572 0.378160997037707 0.210067618693694 0.0994425851503248 0.0811375650650363 0.299304092538506 0.183793921918966 0.115916774887678 0.125957240469146 0.0661795373389905 0.0925489078618519 0.0991467829696848 0.00896211616107797 0.0703533973486692 0.068358337217868 0.0390223373915961 0.0752336794645632 0.0111335252506329 0.0821341078963622 0.048742831000431 0.014465559664946 0.042454618540197 0.106029572036897 -0.0840006900972695 -0.0855381795755687 0.0295820655165749 -0.064820931297906 -0.171874694785758 -0.0658416627237672 -0.0355834775487254 -0.0988785480388395 -0.0770655968351224 0.0559544949485545 -0.109486720234398 -0.0988173929735127 -0.00202866109855776 -0.0189710895789318 -0.182086883892312 -0.0757585908652116 -0.0573794579720838 -0.0347363073943645
2 0.217671718128371 0.674354799201657 0.300488315881964 0.280598592108916 0.184575764986859 0.230475461195249 0.190356892305884 0.128170355027083 0.283794733728506 0.158567243911236 0.138441672702019 0.215198845072104 0.136878492366249 0.0858495111748188 0.355494075941065 0.11848723906283 0.164663729735058 0.249623827467629 0.213745415587123 0.0625262253848134 -0.159873315404486 -0.142496560692926 -0.257568976957269 -0.125803111044132 -0.263971746295343 -0.188312587809732 -0.192080261181115 -0.274397207160797 -0.288221950825789 -0.192497558631839 -0.219569509410139 -0.146968108014839 -0.146199645257034 -0.055979608907274 -0.27290519799434 -0.110152291501879 -0.165840642701053 0.0186281179394704 0.0531735472065496 -0.191337203490893 -0.106781893810877 -0.0534892218870433 -0.143972258549252 -0.0779155691901905 -0.197017959489139 -0.0685399358521844 0.174114977537492 0.0768022778033053 0.171794899003068 0.261726836241051 0.0632366054256108 0.0478040956248648 0.0892164037629371 -0.0623243622675195 0.102665320259618 0.0886189592656568 0.14900556273788 0.0320594931193604 -0.0117127997955201 0.0217285315306218 0.031799541138549 0.121198131822622 -0.0226421278619544 0.0580909986052099 0.194116454062785 0.224414789648705 0.167645489412505 0.0861561502621319 0.185159011317828 0.174428932464135 0.224374117548155 0.314560633025195 0.163063688714854 0.23786551796293 0.299808538252061 0.111880867691971 0.138973848728761 0.155170544528513 0.160597776940567 0.132366464967889 0.0894160983686055 0.126720665322353 0.0344171828400597 0.00982099271893427 0.0983437667676248 -0.037559981888264 -0.00534938488773515 0.0348676253884782 0.0426815803544136 0.0735346704769358 0.0265378412102688 0.137838330358347 0.191407715976698 0.0271622528921416 0.0117713717817732 0.0182748711458975 -0.0720959847104753 -0.0905247723594225 0.0775780752517775 -0.0483431835274043 -0.116645828791298 -0.0662929713751742 -0.04697857811977 -0.0889821473474637 -0.0901584089991595 -0.0827885680345349 -0.0656236615948915 -0.0779407073598488 -0.0845547167493685 -0.0742153962183411 -0.151772994308606 0.00110318842852415 -0.0738185062971395 -0.0618999546214495
3 0.228725461378249 0.300488315881964 0.72097268008364 0.227780094073442 0.248873642595469 0.261887217646575 0.124237782658373 0.129093360282502 0.267234733616718 0.276653796057708 0.143068421157387 0.320435947151897 0.115158783703851 0.170753576233617 0.435760979135456 0.0763372740746381 0.285692150230106 0.187954285715001 0.21386430695168 0.209824581426215 -0.304331947298375 -0.226232704979236 -0.246774646124308 -0.185136481025277 -0.219473333852557 -0.20520365560889 -0.170392276631992 -0.280344311678739 -0.255535112615884 -0.175980493262946 -0.24102082820273 -0.17904240360529 -0.266763237745526 -0.163249341762045 -0.233923793360638 -0.152122453286368 -0.107988517987614 0.0376708152072841 -0.0913754945668986 -0.138147001255279 -0.184835107614179 -0.100798443620447 -0.0480257364386667 -0.0976509294242937 -0.0190923051894469 -0.0960773461135675 0.379879346461542 0.0868820643594884 0.204690753522765 0.245436140279189 0.186284713905949 0.110079768420129 0.113686554253786 0.069520969088927 0.100043016972129 0.106416530394406 0.0985463983536017 -0.0611805397562569 -0.0416834500324011 0.0798390175805776 -0.000449523000072125 0.0993239973882751 0.072362128860556 0.231816649991518 0.126266969797407 0.206958469071871 0.261214526520847 0.169109231655373 0.155537490025514 0.206019327100058 0.238616388625425 0.272160055491674 0.247329958283111 0.253944881956047 0.180874725164274 0.10531713457341 0.138108161557369 0.076295922438805 0.100115400392224 0.129349021072922 0.118240540586817 0.113422522540677 0.130222220663955 0.0483727159258171 0.155561327800013 -0.0407077873289906 -0.00537337202323555 -0.022896902404357 0.00712926807601258 0.0548221137418346 0.00200795567038791 0.0833867071802307 0.110448582359238 -0.0116663962679013 -0.0369145282410226 0.0925383373806886 -0.0635297804495525 -0.012849850609256 -0.00474692206073388 -0.058241329366834 -0.176386901321712 -0.0824345518416935 -0.0545675395208387 -0.105483471068503 -0.0565852643491289 -0.0757253849535374 -0.00937257666028801 -0.0866346954040209 -0.0528900077025869 -0.135040677032199 -0.140955982374852 -0.0578742150105049 -0.0932607844148986 -0.0668948374050536
4 0.17026911894933 0.280598592108916 0.227780094073442 1.23872239234178 0.128773725980094 0.163636722099373 0.129813362887857 0.0577396194026535 0.245632734575556 0.214148881895749 0.18519336436847 0.372190110350465 0.090096167002493 0.172261370966551 0.335335549389973 0.238427588123114 0.250837412339707 0.157774101446195 0.30804561472056 0.148139468238805 -0.353621379610802 -0.28277488811597 -0.329781614804863 -0.18747381000159 -0.227544865094965 -0.259179859509511 -0.163022091573164 -0.25019587489631 -0.162389309009853 -0.217244190990574 -0.107394822741003 -0.184925895082434 -0.219914539877152 -0.120349488692335 -0.242073537600458 -0.0240423176871285 -0.0750276330058269 -0.0798372619144865 0.0784988799485974 -0.106745608507005 -0.127982279062776 -0.128950929536873 -0.315339228341122 -0.12070718740966 -0.0951762483612988 0.000953634099037397 0.167364511363297 0.0234549005730257 0.233497338728862 0.230400586282357 -0.0131683287877464 0.149399205128884 0.0379840643548531 -0.0816675120084695 0.230140932425174 -0.0705205794583865 0.151378239570851 -0.0402697080718369 -0.129234159949606 0.0571770234683055 -0.00685846560468217 0.262933960514646 0.15899072116894 -0.0268506176528775 0.178254689208615 0.17707155257545 0.261139691838373 0.173931443485002 0.100717784013247 0.141737108646883 0.232637319059252 0.331198439481884 0.14789817983594 0.296247914992884 0.207590379095495 0.0447270097899808 0.168553355005339 0.115778382267197 0.13482526092401 0.174718638024737 0.0494633527151782 0.203914317196905 -0.0302092784571538 0.0682775965592091 -0.00755390205238951 0.12710260920434 0.086868795670444 0.0641270353962827 0.0810883819679263 0.117662235867162 0.0660818800868769 0.131644085210569 0.245012296050455 0.000722437949943124 0.0232189904988525 0.00439297519325559 -0.0361972126046396 0.049742872089813 0.28896141960541 0.0792138268202011 -0.0127930541106403 -0.0843339319683033 -0.0538198835758732 -0.126129848035476 -0.0543996479992679 -0.104711966580265 -0.120112270862539 -0.0550846594210669 -0.0392461683911825 -0.18448306741187 -0.0423547175072458 0.0220443977623273 -0.058805270370931 0.0497046533401739
5 0.148392568621821 0.184575764986859 0.248873642595469 0.128773725980094 0.621977904967587 0.203826919667358 0.0881550862478335 0.140953501285996 0.126341986085874 0.213787540562562 0.155454657782432 0.123500203220365 0.0423534135012517 0.172985863356167 0.269373754359606 0.0874433897426223 0.172601389766088 0.0626791153442999 0.0907116169796079 0.130657062166572 -0.18305685194261 -0.115413215480923 -0.120308724674433 -0.049772016743836 -0.155685582613686 -0.141936951021818 -0.130488106547942 -0.131631430260297 -0.112709355158149 -0.111818592976185 -0.14019916994228 -0.15364641065675 -0.19614182359254 -0.0843980591466087 -0.258971499732364 0.0143555275318384 -0.0604901429598836 -0.00781460506494532 -0.0892370108026112 -0.0889424976517287 -0.0157192088104183 0.000400345091150852 -0.061174295150098 -0.0183739128866985 -0.0607309012758367 0.0966718655026492 0.140628079259366 0.0985414266399033 0.0732418915140361 0.0694248617353583 0.125204697281746 0.0949843729010551 0.0247360511362513 -0.0218090774290012 0.0281670781603141 -0.0635998829894473 0.00326239348294409 -0.0652176803654302 -0.0188032872260647 0.0524864659721242 -0.0390809868563589 0.102467514090632 0.0284934032408766 -0.0216812806432711 0.0439723267231114 0.0911278879552282 0.131378491862915 0.109870557361219 0.0946809836936766 0.141883860217552 0.122219161593969 0.103321809654103 0.0942792974021051 0.097687036651008 0.103065477594262 0.101275822559398 0.0599255096538741 -0.0288159679539587 0.077527301965438 0.0731708937016385 0.0552393462910392 0.0587580691486391 0.034776180040742 0.0797766891791803 0.138481345643233 0.0160594042888572 0.0324413909212098 -0.0728407156091164 0.0148560993018841 0.0507485098415302 0.0138725497231607 0.0616668160418469 0.0561912884384611 0.0385197285850045 -0.0278782366976374 0.0132822851366354 0.109285708358071 -0.0718978385572306 0.0400665277016039 -0.00909032824007301 -0.0284296147848219 -0.054511789538628 -0.0544226945265511 -0.082828091346554 -0.0930757265486691 -0.0135749954871912 -0.015116998807088 -0.0766209583659699 -0.0522936315263151 -0.068126362191375 -0.117605948945087 0.0727158135458829 -0.0277526130965885 -0.0166679330855988
6 0.254418821425129 0.230475461195249 0.261887217646575 0.163636722099373 0.203826919667358 0.705181400389864 0.145733094958701 0.123355055601959 0.24824002115013 0.259639698746855 0.159872525142936 0.232266792174916 0.0772131955057979 0.120468671254356 0.289667472074473 0.0873870975770809 0.101052112596092 0.151018507864451 0.230132225312572 0.126036262346741 -0.214055097736664 -0.169846450523345 -0.13085162863738 -0.187411658443341 -0.207294787105425 -0.193888174501195 -0.197461435548159 -0.184861176688359 -0.173486319282887 -0.140349917893648 -0.147265388443978 -0.141480284187328 -0.191883515358009 -0.06625872047499 -0.0710082626102483 -0.0886515473700247 -0.0877757188931676 -0.0782427762594923 0.00108823867810435 -0.160818168676094 -0.0446236172356703 -0.0368931315918377 0.0239069948577821 0.0672659366133437 -0.0624039340079065 -0.0419622846528193 0.177293903989983 0.102282190014755 0.0698666619347385 0.0593099837137047 0.0488621348617315 0.118087054329679 0.0789883417300825 0.00398787011208172 0.0594310683136461 0.0281761434422178 0.165348807330395 -0.037859675633177 0.0220926955977812 -0.0359212431046285 -0.0609150795978505 0.0930773844458252 0.0663852027688416 -0.00436582478363712 0.127949635838874 0.0795412185880464 0.151069627134737 0.127413300925059 0.175005136178777 0.12903078844311 0.139975606594661 0.154741595547919 0.168486428073199 0.128733338200197 0.235619398979434 0.0867575593760297 0.132599462912324 0.0219143134983385 0.15781173999869 0.102081156329659 0.0978314748276891 0.146261735084545 0.0726847132789463 0.074863232777283 0.150018541271155 0.0256754006408696 -0.00884190292011038 0.0468164904124671 0.0429776043630274 0.0562452924486482 -0.034649124006409 0.0644736072774741 0.0201368277093431 0.01070682220708 0.0050906738469758 0.044800511090234 -0.0541997643390123 -0.0712593014574681 0.00386359569965334 -0.00302266050095081 -0.0642968979710266 -0.0774622056079553 -0.0580979710745569 -0.0633176642250278 -0.063868096373121 0.00858495725414276 0.0198695708696733 -0.07262592295819 -0.0383025683348224 -0.00428469530774198 -0.120250204959373 0.0414467566433571 -0.0427773700035586 0.00183038884287998
7 0.226167149876741 0.190356892305884 0.124237782658373 0.129813362887857 0.0881550862478335 0.145733094958701 0.64373274007746 0.136458099231585 0.158499818110631 0.162481200320914 0.118473322788598 0.170140300514741 -0.00688025133757004 0.111281369534946 0.197441686612607 0.0945288726427989 0.0247543293100604 0.163498776755023 0.177305949322553 0.0168485636664239 -0.141962376708044 -0.237167952549487 -0.21654818803245 -0.20932169917821 -0.191933011124377 -0.202843652218693 -0.148660839493505 -0.118400166970071 -0.305233038841797 -0.188174046921071 -0.162586334495677 -0.207873948993221 -0.196832186205515 -0.134011807782181 -0.160086119740861 -0.122538969002441 -0.0306238397621304 -0.0846691516461406 -0.0438579627841728 -0.102125218307787 -0.180311580301399 -0.17105457004968 -0.0908910488962429 -0.0490218570114455 -0.156666430078051 -0.0250941593154931 0.0721581107222719 0.00327414974219886 0.0437805984590498 0.0447213846380776 0.0106270703118325 0.0471647294523584 0.0865864002923628 0.0207281987943666 0.0434760839081849 0.0763025830168366 0.0719618020410382 -0.0610506831348059 -0.0301261968735831 0.00570268122791383 -0.108674622100288 0.0670422697789854 -0.0447770288986824 0.0302394733012393 0.160764635185957 0.110380956948136 0.155341438594774 0.111602965090774 0.192083770801707 0.0993570345674177 0.197501671294368 0.176601918058851 0.140504680972055 0.193970613777152 0.215511076822468 0.0703073601484923 0.0333718827101597 0.109411741465923 0.126077881958177 0.179939345219638 0.0468788249725997 0.107941286566321 0.0795963931050875 0.0177643630895643 0.058258204581137 0.0579562010647608 -0.0796117986751835 0.0562062484621915 0.00330451706959518 0.0615501365866995 0.0824981126289827 -0.009554042281164 -0.00827970329231253 -0.00690749713563863 -0.0301580002938492 -0.0360140217414345 -0.0313012134179631 -0.127485975681261 -0.0146636115123188 0.029671131957567 -0.145891450787676 -0.0276919225409049 -0.0253399383130811 -0.0741731843953335 -0.0523367530166633 -0.102853282184516 -0.00930211479874427 -0.0346062057660481 -0.0332220722029661 -0.0165697221958883 -0.101086881604719 -0.0293667236718113 -0.0186146750648063 0.0229058276690604
8 0.211515161490729 0.128170355027083 0.129093360282502 0.0577396194026535 0.140953501285996 0.123355055601959 0.136458099231585 0.537143234674266 0.117813105492348 0.191154493779327 0.126900186394858 0.139872243988023 0.138270853340683 0.0886221202211632 0.104851422297412 0.0732786799205702 0.14781311724346 0.128202215425519 0.0758993347186773 0.0650577630087587 -0.16635889920883 -0.0710321582364045 -0.186320986224161 -0.167830186290272 -0.207199744765964 -0.0865653083040277 -0.127054473252725 -0.119653452504819 -0.24921213696839 -0.0803253036027807 -0.12778974306386 -0.18259182870315 -0.168386310362947 -0.19970598723196 -0.1893875878017 -0.105888142790388 -0.0539299739796781 -0.0481710613348008 -0.104913795632573 -0.15444892506075 -0.0890979952851384 -0.12863191076977 -0.0091651187463079 0.0473074864399651 -0.0432702074183562 -0.0698590417425344 0.113144505076518 0.103673367941145 0.0512599593349976 -0.000616698494963014 0.074986180373555 0.088209232559627 0.0683861906954593 -0.0212648494541942 0.0718647910232423 7.57498567298817e-05 0.0817887364402605 0.00732646180668762 0.00684991743622153 0.0653201649535336 0.0479261547678541 -0.0381983308973619 0.0900228513804331 -0.0309269870196912 0.110348070708458 0.0723875817893957 0.0994638859710639 0.138372174359087 0.127810030776096 0.0524614739952983 0.0818749709518098 0.0907051149254328 0.124573883262111 0.211435849824903 0.0996817681822898 0.08314726242595 0.0770511285049412 -0.0372312618592924 0.206514550310244 0.0887126050778751 0.0302069467740503 0.117262373472439 0.0796114588807575 0.0894486906086738 0.0206349488374975 0.0162271413227215 -0.0927900068569811 -0.0109617647535588 0.00392383772929927 0.057888938375734 0.0619391785434961 0.123033321778886 0.0160540301258998 -0.0667296979270736 -0.0512436416933957 -0.0110965091330586 0.0150395227193216 0.0140918121518086 -0.133743087517405 -0.0315030091691962 -0.134314551017973 -0.0493961957383387 -0.0239881002104003 -0.049553406414543 -0.0719861890138038 -0.0775118074811599 -0.00687701508335756 -0.04319787613383 -0.0201930475248172 0.0663173977109693 -0.0921278859899855 -0.0722272810719327 -0.0550930686115413 -0.0111656303345574
9 0.282309736374809 0.283794733728506 0.267234733616718 0.245632734575556 0.126341986085874 0.24824002115013 0.158499818110631 0.117813105492348 1.01484230218212 0.284224869663924 0.110280477159212 0.281609424016617 0.186017145537453 0.161122549397226 0.31873702190832 0.119285476263076 0.186282012991427 0.190469051890215 0.196469634176191 0.113467124026802 -0.197171898876032 -0.230885338633666 -0.314126228592058 -0.0825141853729126 -0.283772179165485 -0.150390133096091 -0.228202760239124 -0.244523974036789 -0.214978444525434 -0.185122688864632 -0.226003043886236 -0.243650348393253 -0.0271482967519171 -0.0427910189470638 -0.132538728808258 -0.0960914875949881 -0.120473750756506 -0.00668210914856736 -0.0685135387143769 -0.175748818960043 -0.0951066348710965 -0.0962903209168884 -0.067406202103276 -0.0884378057959722 -0.0854758826532563 -0.118668332792938 0.291605722854384 0.0824975840755121 0.178868113298379 0.187251975879016 0.159539868245131 0.0859984803171032 0.0445614839697463 0.000345877165133945 0.203616075570521 0.114034808762324 0.088117991010313 -0.0566986744925536 0.0308734717601312 0.103727974201611 0.0674144311088128 0.229363383649656 0.111466527278975 0.150746432554649 0.149304624879651 0.0481804352003366 0.132012393281435 0.0706780625535655 0.200824541485039 0.131415270014898 0.256701324390943 0.236258292987641 0.223864767662228 0.289974909783251 0.18712217365326 0.167242950295244 0.0599259911798797 0.0984501303482742 0.191716240742041 0.0119456978032586 0.113568947122857 0.0100812000765553 0.051655137947212 0.0272345029404084 0.0816852656966035 0.0548125085768615 0.167431591900232 -0.0684413385553538 0.020688498937164 0.161024311129915 0.0625134099917454 0.256409923517186 -0.0131950048652486 -0.0348866049513052 0.0333162494910936 0.116226911188258 -0.0187545836487123 -0.125416015004155 -0.125839481830611 -0.0371569294286173 -0.14265380625506 -0.0867106228561347 -0.0509510097499218 -0.0573603915503412 -0.0975914487030104 -0.0123496431471185 -0.0434192895150034 -0.141606607551504 -0.0303201257125983 -0.142622061688458 -0.203180716847971 0.102818702716086 -0.137812664589558 -0.0934021477944819
10 0.255461738246399 0.158567243911236 0.276653796057708 0.214148881895749 0.213787540562562 0.259639698746855 0.162481200320914 0.191154493779327 0.284224869663924 0.890084770332044 0.149611607653496 0.412468778213426 0.083986050646826 0.121471599095931 0.219224902873344 0.0760958945701185 0.19987212108048 0.223965164925003 0.216202199382138 0.0909675505084231 -0.374188495126605 -0.241304013513327 -0.154915818087498 -0.265041172126181 -0.263300146946382 -0.288391830694877 -0.230841518738143 -0.140677074869246 -0.306958789294791 -0.201400289401922 -0.224191625873137 -0.229860554653394 -0.310960590048756 -0.230648218888547 -0.245360813351515 -0.140666912115244 -0.017408484154469 -0.0611754296472762 -0.0184591764149928 -0.180416094122683 -0.103055051289787 -0.0375217433612241 0.0719118951521489 -0.0855448624683892 -0.0467816960085463 -0.0243282656951249 0.307782749167188 0.121972160730004 0.171775935080046 0.0648301980007238 0.164975600776046 0.128468996795934 0.0836983835616269 -0.00594479164348627 0.339380247780424 0.0533152867662494 0.0238988057936087 0.0482056429649566 0.00136297169555236 0.0863111912879749 0.10412109908273 0.147558973546334 0.105204438663018 0.168684016773418 0.108344828119195 0.0750639180693191 0.216620166110763 0.137657903014732 0.120745308061829 0.0630961076397981 0.142401426452033 0.209652191460067 0.144951435599575 0.202062662820197 0.186730346984016 0.0857386269075763 0.00722605231568978 -0.0376831605010398 0.167940855397136 0.131298802322518 0.0675745723654071 0.15190901926676 0.0749548573884394 0.12260042145402 0.0952657308830924 0.0508342962957654 0.0259419248187706 0.0674923527159638 -0.0388034100692113 0.0453659721403722 -0.0362446555624317 0.199207854727421 0.059517047594576 0.0343389880123147 -0.0164835941617248 0.144179317720501 -0.0797664221639044 -0.130910536140064 0.0408049672130455 -0.150914457267469 -0.165556701023997 -0.0648071528760412 -0.0493788032461866 -0.099494013636023 -0.0970303130391859 0.0318415626948883 -0.0202142249833641 -0.0638389373396368 0.00316573492982541 0.0288953398684625 -0.186985268639971 -0.107199605109304 -0.0970186551976457 -0.100901545245126
11 0.164877305654346 0.138441672702019 0.143068421157387 0.18519336436847 0.155454657782432 0.159872525142936 0.118473322788598 0.126900186394858 0.110280477159212 0.149611607653496 0.440042959324514 0.133629794278256 0.0670494595832269 0.151782099146355 0.0930389960688945 0.119276198040982 0.112750139272061 0.0542346187545395 0.110871580882786 0.108907438689716 -0.122232585541984 -0.108922035990681 -0.153502739552658 -0.0720822907421398 -0.0663607050621328 -0.109895238883153 -0.0691342024138956 -0.112289489634046 -0.0456729155110735 -0.120396817602358 -0.107023763127856 -0.124407185087342 -0.0586233530017498 -0.132317720396983 -0.0572767475161131 -0.0848345476059046 -0.0850078720299553 -0.0425321850773821 -0.0944450906071137 -0.0614115356753297 -0.0483485822410918 -0.0494609065439208 -0.0896432021273991 -0.0787032381483497 -0.0785842471033063 -0.0552469670433839 0.0352147916991071 0.00983934302002219 0.0147716400985343 0.0391233217660403 0.0555800777807425 0.0556799252680049 -0.00084394339306179 -0.0443993877809314 0.0739915725689095 0.00831973968022433 0.0308492636746183 -0.147930248176471 -0.0411884614250794 -0.0270265005788066 -0.0728575984544505 0.13393764940056 0.00100929217956393 -0.0493933951697428 0.0948732741779699 0.0876542950925439 0.171069428200745 0.125065973304148 0.138085355174298 0.0852625669487103 0.0935742574616886 0.153876801479534 0.069785426649302 0.0930598810958548 0.0840203387105829 0.0345671571744005 0.0659429510265614 0.018573786973109 0.0705794349207179 0.161766137776827 0.0530953590291047 0.0798443011688166 0.0356074031855799 0.0546854439747977 0.0598632099042432 -0.027017229117891 0.0147798432120549 0.045722581761426 -0.00261514007876378 0.00951579311218962 0.0176453412944191 0.0254046220175861 0.020832744997325 -0.0093954729638187 -0.0198206611456253 -0.00243287721458467 0.0503109110115347 0.0314616741886635 0.0731649444621715 0.000805653786180859 -0.105757261440702 -0.0590486112342099 -0.0410362805998976 -0.022981217481181 -0.0527185831306867 -0.040144250566917 -0.0430112130566363 0.00243383933938464 -0.0674076886675091 -0.0281912446194248 -0.0346182180585181 -0.0454794131993258 -0.0403702498161682 0.0446557146422559
12 0.258540786954447 0.215198845072104 0.320435947151897 0.372190110350465 0.123500203220365 0.232266792174916 0.170140300514741 0.139872243988023 0.281609424016617 0.412468778213426 0.133629794278256 1.22645779024602 0.127209051971815 0.148824186977111 0.410956625297919 0.0260164892294052 0.216516841730446 0.171678279491289 0.20210412139518 0.090669049986342 -0.399866791465036 -0.408480897464459 -0.380219009338729 -0.421095643745876 -0.341340796122445 -0.411056984504358 -0.246251958269764 -0.378057180328816 -0.337668326199022 -0.132051367487545 -0.143463686118245 -0.375175597209751 -0.396602474930558 -0.278853174300145 -0.391840725675287 -0.192383994730285 -0.0453665378166687 0.0515996205785816 -0.0396400632885885 -0.203816228374294 0.0518042803890225 0.00380681329152771 0.141126507417208 -0.0604957613516476 0.0309174478404451 0.0838137741841598 0.350847852822137 0.147863698390779 0.239643436251404 0.256711755413778 0.166771104308038 0.144468099608995 0.0850032148462491 0.0153921670346143 0.287753058433489 0.139518802579186 -0.030670661988264 -0.0867956865870222 -0.0980443426169843 0.0652059008479294 0.134775686344727 0.0404957990897167 0.151311167570663 0.121716733163697 0.0758785225887965 0.0949011855021768 0.196999426812319 0.126554973174828 0.210845256474731 0.10733469240131 0.204127039489318 0.332313004361743 0.129988403502013 0.121016253107106 0.333124234885396 0.0200217576605584 -0.0413626309930819 0.0194281945507172 0.233987171931153 0.0972367591655817 5.74827847696078e-05 0.256952196327969 0.0751313241086841 0.0478922486219537 0.0464273166980765 0.14442384723915 0.0227597834756954 0.135436963575421 0.0512751542946055 0.0916142269219523 -0.00439039682665584 0.197923110250055 0.0336590002384465 -0.0198031556664171 0.00507895746624407 0.138706081533684 -0.249629833982169 -0.160888560615178 -0.291919212152877 -0.0657330359002274 -0.178513689459477 -0.0790361123452073 -0.0320703614964621 -0.0732554083515402 -0.120326287217506 0.000682852085801886 0.0255657356735543 -0.117235447124485 0.0646428129247472 -0.0727648885818007 -0.141959247416101 -0.161943108724801 -0.049110632048684 -0.0283885644595362
13 0.137082138555011 0.136878492366249 0.115158783703851 0.090096167002493 0.0423534135012517 0.0772131955057979 -0.00688025133757004 0.138270853340683 0.186017145537453 0.083986050646826 0.0670494595832269 0.127209051971815 0.819628935869998 0.128524990044341 0.0828375158595206 0.13088199881521 0.13347206253675 0.127756487180156 0.0944920231737497 0.064600994276163 -0.167274489492478 -0.166378441454843 -0.119573503550985 -0.0419359414397058 -0.201919562443769 -0.226514474511336 -0.147824803699924 -0.0710516254942817 -0.0765116293553219 -0.0359967089542962 -0.183246208780584 0.0206918365916088 -0.0361508601204569 -0.0306781150187964 -0.203192332382104 -0.124202629327325 -0.107935059868356 -0.177429018553428 -0.0320137078191618 -0.160714772873306 -0.170319843525014 -0.0018579479191146 -0.0680359492023047 -0.10965161027009 -0.112172403850487 -0.118140906046563 0.187729042293565 0.0505465626959655 0.0345348465942841 0.152828522940837 0.0964767171057213 0.209214538789335 0.0108436262843698 -0.0357679944090405 0.0621958839517971 0.0499337122538352 -0.0350958366408077 -0.0227520161802572 -0.0149114052986548 -0.0230731199274557 -0.116345007281185 0.0589368963061166 0.102179406515827 -0.0160595299010421 0.0773119465326791 0.0306943297706488 0.102106001577505 0.14101083308008 0.0252827960660235 0.0171274535809953 0.0629934954119513 0.256093921893591 0.113979685756409 0.246771901642017 0.030975718312405 0.0837923869496243 0.0803617954684622 0.0382861608777151 0.0836355325562504 0.0386792298445922 0.0282945351198004 0.154538903467097 0.025694075748838 0.0445725936067397 0.0135171096590029 0.112734193362714 0.128922560739379 -0.00952998172796242 0.0551969353981465 0.0409542788328829 0.0211306122700036 0.0201746002709932 0.0365647837445711 0.0317626410424931 0.049036339529463 0.0223554404693511 0.095934571499631 -0.0722546148231018 -0.106704863050915 -0.0609180433018075 -0.0974213671296049 -0.0298852790111901 -0.0149341281023867 -0.0540206945681843 -0.0201516664018015 -0.0584710280429133 -0.072172126956099 0.037303861962124 -0.0526759552103058 -0.0154809563462037 -0.0990220209740576 0.000278347217881507 -0.0361614535512435 -0.0285949868014447
14 0.134130601019038 0.0858495111748188 0.170753576233617 0.172261370966551 0.172985863356167 0.120468671254356 0.111281369534946 0.0886221202211632 0.161122549397226 0.121471599095931 0.151782099146355 0.148824186977111 0.128524990044341 0.742955762789438 0.205633710171362 0.0978794848332115 0.0361840641739138 0.0817162955952881 0.120258085479973 0.224164335408594 -0.25067186187088 -0.240856482481087 -0.176070036827188 -0.1082429074364 -0.17600484666209 -0.0745805270593825 -0.0543363521616201 -0.233321257735411 -0.10794626147611 -0.123539250932496 -0.114588858855615 -0.191915480367635 -0.104787246627722 -0.222128154516681 -0.134344156256504 -0.0239293524121569 -0.0484950717294658 -0.0402293118874006 -0.00618881332099383 -0.160751179509283 -0.105943248348011 -0.07505921594099 -0.0338861964082632 0.000256299314364554 -0.0697851293084921 0.0157834441654408 0.134045091885039 0.0660184914290636 0.0410392502539154 0.00871769544418853 0.189391458199325 0.111512590928462 0.016773019831854 0.00373875433877411 0.120241502363906 -0.0353714163004384 -0.029705319024443 -0.0276033318793121 -0.0345020021402576 -0.036505179157319 0.0136590119018984 0.127362466896734 0.120042209738678 -0.0263696922010884 0.108337293070905 0.191684430462953 0.142986561993009 0.124944734545371 0.163905041140349 0.182611277472297 0.101073771578827 0.228004661846723 0.221451276043496 0.172236238426788 0.0935533899953816 0.219431391911797 0.0105031133564872 0.0723717238577291 0.0929804458163713 0.135088967590296 0.0534309842160186 0.0788376425933467 0.0434649969276788 0.0229113311254621 0.0830311906947354 0.0878771539180791 -0.0532589835349233 -0.0305690143415722 -0.0453281528162682 0.0647896360302719 -0.0133269185072239 -0.0914891013427677 0.05551136277066 0.141467610667588 0.0133545510403413 0.0151773590122554 0.0527415657020918 -0.0159210166998597 0.0986091208504242 -0.088722540992551 -0.169527045227504 -0.0638912123445668 -0.037165380760105 -0.0948454476116617 -0.00551796460847416 -0.00161805214680008 -0.0545392794621863 -0.0125479872064919 -0.0676959157269247 -0.0855783764278067 -0.054207327130866 -0.0435167392289003 -0.023031269614137 -0.0133333630763901
15 0.174364104905825 0.355494075941065 0.435760979135456 0.335335549389973 0.269373754359606 0.289667472074473 0.197441686612607 0.104851422297412 0.31873702190832 0.219224902873344 0.0930389960688945 0.410956625297919 0.0828375158595206 0.205633710171362 1.20137521798239 0.121031615786982 0.225436972286062 0.202087221136616 0.252990757608611 0.108338367434011 -0.310548112254345 -0.393018182869936 -0.226797814397262 -0.229161608992882 -0.302676028729283 -0.308094682321619 -0.214770804437674 -0.285022463347983 -0.445066112028837 -0.263505641061234 -0.352461542839703 -0.220874862272102 -0.279000473376988 -0.276026033832471 -0.282541287192784 -0.0464874043057453 -0.0900159100187271 -0.166994174761241 0.072358182656814 -0.235649256842399 -0.288515549316634 -0.15732208655638 -0.122435864257866 -0.0810656454119956 -0.22362829486383 -0.0498935626509869 0.289428339374163 0.0312397496477995 0.107371287073495 0.287246518568182 0.231088699936249 0.167119167517212 0.0403708398881418 -0.0332499006009015 0.123436230858262 0.0931706225243735 0.040977026532934 -0.0609818323019041 -0.115273057772735 0.0843584857532573 -0.0403540182087248 0.127667800975615 0.122642773993113 0.156102870290806 0.271660356429611 0.237262871978103 0.299869849805661 0.174262812694386 0.283686546902212 0.212868111230992 0.24644018757519 0.415039690920635 0.164022227209399 0.341949877898191 0.403097736293001 0.0330149539877228 0.164340568990247 0.0647008353313313 0.167637933473828 0.138851058623813 0.0706470430988744 0.249427423375279 0.11882648242759 0.0719128666281457 0.0800427665018435 0.048258584621497 -0.0123242713415622 -0.0598065836069748 -0.0677367664213776 0.0770161065814709 0.0852957596779085 0.0866980397296666 0.0637052223440944 0.0155488824567986 0.00518372276342828 0.0243608122805517 -0.0365904710496428 -0.0772807977581821 -0.0110202907143066 -0.0819821635234479 -0.124456575532289 -0.116412217412272 -0.0959150176337241 -0.158960383243955 -0.130063001447374 -0.183638182086202 -0.0946747528912928 -0.211650983468418 -0.102530105525048 -0.16310050150844 -0.181796857249097 0.0638624784750729 -0.139467503353504 -0.0745479087122927
16 0.0624449826041838 0.11848723906283 0.0763372740746381 0.238427588123114 0.0874433897426223 0.0873870975770809 0.0945288726427989 0.0732786799205702 0.119285476263076 0.0760958945701185 0.119276198040982 0.0260164892294052 0.13088199881521 0.0978794848332115 0.121031615786982 0.685205787113525 0.144018866497606 0.125453803785938 0.246041338525131 0.00771596837306417 -0.163076120209063 -0.130066106682187 -0.272461796834271 -0.105249683520855 -0.196139549766544 -0.0450294187454143 -0.156371020188814 -0.100780698523493 -0.0484981771758837 -0.193080314077546 -0.143061613264001 -0.108330063166083 -0.152450243426736 -0.0502909709805508 -0.172059103340588 -0.102057027674757 -0.0531342707945871 -0.100981950852081 -0.0243531120402209 -0.126846418252467 -0.120490417772804 -0.1402265565705 -0.180651538976807 -0.011911990887849 -0.106890776992511 -0.0931958661853598 0.0547058363133856 -0.0527420749335029 -0.0100373548342485 -0.0113139336619729 0.00909385973181676 0.0654274054201991 0.0109325460648705 -0.0156358601603997 0.0507573252547431 -0.0286460215272937 0.131509959824053 0.00967050513911547 -0.0285528210755173 -0.0223110733125538 -0.119745492675763 0.121329436887123 0.0988236362850078 -0.062976126284881 0.0972330255553344 0.125228253291022 0.184115853148325 0.253103504844691 0.0932309526269733 0.187932114997117 0.0732025329395624 0.194850144018439 0.108040873903868 0.292168895274822 0.205935847787257 0.0800317997081475 0.0834840995940457 0.0101116351744982 0.0450817865718981 0.0937276997204055 0.103998414350756 0.0916532882146972 0.0183872191125852 0.018630088063512 0.0210440538236777 0.0581714061557502 -0.0172705903185644 0.00195978699711627 0.0416662408908608 0.00952569928733486 0.160698874377793 -0.0410504345385363 0.115645080598921 0.0127053025722933 -0.08792552676502 -0.0618900348389545 -0.0459230480106654 0.0202731225887677 0.0557380558530574 -0.0186897665506084 0.0138622019907233 -0.072535895890635 -0.0107721615148757 -0.0305011716408701 -0.0313262169468081 -0.0101085495265203 -0.0894947621163254 0.00706994451059791 -0.0660575812250417 -0.0934357273454998 -0.0332475314190305 -0.02595899554432 -0.0647202756425684 0.0650444923658452
17 0.0526529587644957 0.164663729735058 0.285692150230106 0.250837412339707 0.172601389766088 0.101052112596092 0.0247543293100604 0.14781311724346 0.186282012991427 0.19987212108048 0.112750139272061 0.216516841730446 0.13347206253675 0.0361840641739138 0.225436972286062 0.144018866497606 0.942810123585001 0.120045596071768 0.111338938792766 0.0835611031104051 -0.130425266983614 -0.184139404951579 -0.207729902133287 -0.186639564080561 -0.112477917035434 -0.212847601277026 -0.155125833954525 -0.118527068069846 -0.139742415069061 -0.134410942783125 -0.112927590053141 -0.215829997924475 -0.174654966534568 -0.0417752976194633 -0.295552848928477 -0.160431617783996 -0.0274840159537902 -0.102011278266933 -0.10278172930316 -0.0922769816482832 -0.205281874873322 -0.190355338292438 -0.0609746585004679 -0.131070486199962 0.0969759441142288 -0.0350291229342624 0.374861835054128 0.196468465987949 0.108382481482055 0.150443101998338 0.0680316734813276 0.0342010327131802 0.0374076804102947 0.00537788716012005 -0.0113496081543238 0.125460899270013 0.0363043852567226 -0.0150801452031824 -0.00697176692204219 0.0836037445172466 -0.0168757606817773 -0.0341656909551541 0.0184328328287321 0.215929836262131 0.0842535637937476 0.0870022779461417 0.0306930753154164 0.191402124272916 -0.00967950504671028 0.0666182522446325 0.114645311416943 0.297107186927172 0.130821037874881 0.167430726327903 0.0189964457922941 0.0629224101403414 0.0577877912677001 0.0136141845781029 0.062691222631066 0.111251666512844 0.102236225785324 0.0818544731801552 0.0102736303390803 0.07339702590877 0.0424751547932798 0.119949931554884 0.0734759194774039 0.0344236736494358 0.0252149140237029 0.0837238669552352 0.03151922448703 0.210550497439019 0.0455499952750703 -0.0413134676809914 -0.050388372148434 0.187078622159568 0.0871055383262448 0.151103558336166 -0.199826046178545 -0.102327542077607 -0.01112485158393 -0.0379891779087688 -0.0404226093731951 -0.0680035254626491 -0.0469390998347788 -0.106162676182101 -0.0158298426397537 -0.00481103004460275 0.020665174826648 -0.0750619235989481 -0.0143014319828112 0.000300521664066696 -0.0198821467653112 0.0897476996336562
18 0.180931641325972 0.249623827467629 0.187954285715001 0.157774101446195 0.0626791153442999 0.151018507864451 0.163498776755023 0.128202215425519 0.190469051890215 0.223965164925003 0.0542346187545395 0.171678279491289 0.127756487180156 0.0817162955952881 0.202087221136616 0.125453803785938 0.120045596071768 0.700470533028347 0.285396814684645 0.086118122032058 -0.212997880711606 -0.16133887948612 -0.194343520909869 -0.135687709621169 -0.234270172628785 -0.231102374717576 -0.188161612731077 -0.122739964817546 -0.250122863241262 -0.162966482310704 -0.124774578107985 -0.224700537586006 -0.168495870553315 -0.106939646553237 -0.266626866832508 -0.0753267364006068 -0.0655838292877592 -0.0591292281029891 0.0401655153897688 -0.155430152818054 -0.0981667793341035 -0.149913614691777 -0.098547046273593 -0.12052336564523 -0.0808194037366314 -0.0876190503271668 0.141670608150464 0.0403690435633028 0.145059574949273 0.140113343159466 0.105705395008099 0.0140270245993809 0.174674290078897 -0.0350734197505924 0.0280821106974448 0.0265892032366404 0.0487464335971159 0.0511691014433257 0.049838809653763 -0.00249978666348791 0.0468295249405686 0.14078812657068 0.0383658435335877 0.0780850452865173 0.13232549031771 0.0537821782059574 0.0580282084109036 0.100499045303555 0.0411182316857841 0.0472915242062703 0.0676483059797891 0.159360766083591 0.173057967831192 0.211862786474543 0.252396151275031 0.104158625274211 0.114217385553921 0.0272464487098667 0.206299120209378 0.0861367353415212 0.0695392241821764 0.134784122900257 0.0519781663258539 0.0362760192373154 0.109949186864866 -0.00874021361009236 -0.0510180373234677 0.118607486522993 0.0217952082867629 0.221016445097118 0.0986889954922718 0.0998643544375915 0.0695906253975633 -0.01241912707086 0.0463078699794626 0.0850049492847444 0.002737315217622 -0.0955497831912586 0.0203063932736957 -0.136281941730166 -0.11914839929151 0.0792664043167252 0.0283273852138813 -0.0501054523716554 0.0228150730373628 0.0343068430271843 -0.0442430723643256 0.0156625635494452 -0.0300842666426108 0.0436078065305416 -0.0785100326360066 0.137800828779425 -0.0318108039787126 0.0214702620719256
