1 0.734086805115839 0.208110270187143 0.194420327022412 0.154619933659267 0.14407412972003 0.193695816679922 0.21464336450693 0.193931719381245 0.301777844843945 0.290262020875955 0.129343881441815 0.277834080995814 0.1215812445194 0.166678614911078 0.145435246319841 0.110077453775585 0.0411986949365883 0.233695037635689 0.16489174106858 0.0821148384597849 -0.193880748702085 -0.133519734578725 -0.277297164766301 -0.242483809225383 -0.188239840656995 -0.188751170115956 -0.196599473092305 -0.200713248151159 -0.240757653206217 -0.161984907181664 -0.270642692384033 -0.0968045749204033 -0.194026655849572 -0.198793406469906 -0.153903377255981 -0.107213433148433 -0.0435642459571914 -0.00187175834882999 -0.0646384355550596 -0.150835966562234 -0.154864531020975 -0.0859615867569701 -0.0733335431339581 0.0523011870179871 -0.127264285952249 -0.0514843416135824 0.111481463668777 0.0881797509072905 0.136017837359498 0.145489964848751 0.196293782545967 0.134686565784498 0.12788522672445 0.0136414384670535 0.120314594038382 0.00549887368181865 0.0982712915165508 -0.118928297216099 0.0786225049460337 0.0217564753065509 -0.00474162639859198 0.119046691527144 0.015498604798946 0.0740840889428747 0.197281367645428 0.0883306915569643 0.107495193679994 0.128786548754176 0.166399922360008 0.100408024900327 0.117312757982212 0.159185934155171 0.194067563569314 0.203553675156361 0.296517408042792 0.144869998710253 0.0957277294017595 0.0671520022406192 0.265881616872571 0.113829334644499 0.0564684950639343 0.0732227164043598 0.0335129038117542 0.0695603573880558 0.0717645506218438 0.0310536885235956 0.0774192022148278 0.0436827777286974 0.0814719251608794 0.09853058484469 0.0140193654740479 0.099274966810243 0.0396511219022704 0.0878166597871073 0.0673816877809292 0.108419942176153 -0.0301798036761904 -0.108204552883332 0.0240309418230751 -0.0841599042411554 -0.128976741203158 -0.0837075145998489 -0.051522603384102 -0.109691011717318 -0.0806991084524833 0.0452295165969048 -0.133609738026752 -0.111853525471855 -0.0445426888737787 0.0507433886080182 -0.1522951277325 -0.0759637459868816 -0.0697352619668497 -0.0724907381894241
2 0.208110270187143 0.606495550933968 0.281942381161817 0.288408966303473 0.148623820045184 0.216988157973075 0.191955721576652 0.127014862546913 0.276182432764492 0.202325814220216 0.1544014871978 0.268400857246332 0.135606586589459 0.149682782904389 0.342574613407467 0.139111669440478 0.153420335619919 0.331467944455697 0.266678131677878 0.0720104161508472 -0.226403297441045 -0.15689825566999 -0.23899543370709 -0.09861752428297 -0.275317659269791 -0.244348691065641 -0.159261820305589 -0.256377720999907 -0.235983620400424 -0.2104367012993 -0.189099031479883 -0.142949850227578 -0.113947851245196 -0.0205754259303215 -0.2490804474222 -0.0927971137336166 -0.151777621143499 -0.0518678807915565 0.0397471351207751 -0.24388959139255 -0.111187642125147 0.0041449583078186 -0.113780303726418 -0.0601043549201788 -0.167843280842068 -0.0391785159675359 0.205512465542065 0.0886842218800963 0.169756307431418 0.258996135851676 0.128396161407367 0.0769461378889097 0.073764039049203 -0.0101532919905398 0.134336563823014 0.139592219426333 0.133018562439798 -0.00599368361552729 -0.00996930557824231 0.122554711660266 0.108370347519226 0.122532802959934 -0.0132634282930508 0.0755167562290764 0.158727437206091 0.183714386929448 0.134459788279747 0.100850330390699 0.103929076874383 0.12355247650074 0.169904458686823 0.344566205030461 0.194031290175103 0.258315408079192 0.220575451765334 0.0823258025929331 0.171150741204733 0.111185236383201 0.160182330686591 0.112909092721411 0.0819620170743259 0.158454971893104 0.0372971134326967 -0.021211789188435 0.100436866535126 -0.0282378030224583 -0.00899748131714151 0.09197812244641 0.0612147237671914 0.139314907653011 0.0259093079927288 0.120494659012377 0.170551507522028 0.0687154803231985 0.0487948805874523 0.0672489218774093 0.00243521635181692 -0.0176955607538202 0.0680697090633861 -0.0342431491470486 -0.121252749879049 -0.0824155506071226 -0.0875576980372607 -0.0974022803478025 -0.0946356444103447 -0.115651901092415 -0.0739499564205942 -0.0996438531652975 -0.131136619686426 -0.0963321830602188 -0.123268558232809 0.0227870640281164 -0.0988195323354219 -0.0632647670367843
3 0.194420327022412 0.281942381161817 0.764156602554787 0.275248794017417 0.224757174156208 0.273759796789307 0.164149432161549 0.13119714302448 0.340280919697501 0.360529084133426 0.149055379589825 0.364827351492319 0.140057702132506 0.214676200386421 0.481718582719613 0.0994471933938549 0.307108248632721 0.260196273498063 0.244655887725741 0.194841581517666 -0.266017758105494 -0.256076498749409 -0.22222009215016 -0.161785457201056 -0.224553665659146 -0.210915902034717 -0.144503405666935 -0.262923991931306 -0.26893722011422 -0.162155788337284 -0.220229227490564 -0.174202531752883 -0.202391909445901 -0.148331011197442 -0.223377036258873 -0.105298545186587 -0.102158731543601 0.0685104473576659 -0.0752834616796427 -0.188223674307775 -0.209557859767939 -0.0950552450477082 -0.0726342072390797 -0.137922626939525 -0.016000744451187 -0.131549726337612 0.451764067403543 0.0699412682653504 0.272168675133297 0.330541710442802 0.194989977742818 0.182812238336177 0.162080741147668 0.0785408857911158 0.126941102992245 0.0995404924506626 0.0576172788369118 -0.070903690802916 -0.0307324852213073 0.0897666255332174 0.076841735066234 0.0348162079549089 -0.0214401312083193 0.307520736081968 0.151596365706981 0.164816774960547 0.202885953390205 0.15128623902236 0.0926900415925871 0.120157231576539 0.262396134658259 0.277710164186932 0.281319472774942 0.285585848982119 0.140810109717214 0.0324112909723059 0.111251868545768 0.0863713454370598 0.0952177364614484 0.0570371582298517 0.0620725126800232 0.13598431346924 0.144399167607662 0.0141437097506466 0.145517337797979 -0.0754688153482714 0.0106814786390463 -0.0115544255825122 -0.000411337252335381 0.0473821348920917 0.0243539069804984 0.0712308419008567 0.0391749117451497 0.0262646310719236 0.00628954121154909 0.0891027564334454 -0.00119844613909341 0.0226628853232623 0.0364579667012879 -0.0103049309229992 -0.21745997027977 -0.11619762055247 -0.0771552806921221 -0.12135403120889 -0.0785627278626836 -0.127564713623488 -0.025679931917825 -0.110232793563734 -0.103531738755886 -0.10400126607019 -0.13949547990987 -0.0237959277626357 -0.11835287962022 -0.0274507890377114
4 0.154619933659267 0.288408966303473 0.275248794017417 1.19781652587642 0.127618733487885 0.207611484205044 0.0922703072449014 0.0480226828248186 0.188230021306925 0.308195500463005 0.182007938041284 0.39224603785914 0.131796636817322 0.259496675100041 0.36680902387592 0.179817988439881 0.242156754775654 0.201758131450771 0.210919006178746 0.176398610313497 -0.309022505643063 -0.27501798772017 -0.299255796976738 -0.229435365601286 -0.20580088379585 -0.217890205962217 -0.121829178971435 -0.188756581167377 -0.139377785349794 -0.175310973338548 -0.100281152726148 -0.115038036984231 -0.251375410404862 -0.175198710648445 -0.268111265530462 -0.0730871248543362 -0.0845390021530348 -0.00138695389072758 0.103402097473334 -0.150043879896687 -0.10833982361437 -0.0325923453675631 -0.268347203675949 -0.154804088837142 -0.0890681800472911 -0.0312191456938412 0.188265866949686 -0.0478728595622368 0.267556675701575 0.199607656234532 -0.000829083644326849 0.18525385482581 0.0652160713555216 -0.0747795168301647 0.207434646351664 -0.125576284370804 0.0928154927193983 -0.0854793736719631 -0.114228880817919 0.0791905953013027 0.0814830297727083 0.205875927656504 0.0772481628586165 0.00463646040864264 0.165318329210402 0.253980259221638 0.245353456120411 0.16568580035256 0.00993487062530438 0.0354537646464318 0.299562571120131 0.272126349680548 0.137983646887303 0.300920311479227 0.112945729007838 0.0221336933076083 0.161946213638137 0.145003623807037 0.111422632386087 0.117904670989 0.0105153691326379 0.220527079593858 -0.0301010888926752 0.0931020069353035 0.0307335886229831 0.134606765186289 0.0856153313735486 0.0669853197806555 0.0646194401608025 0.105352142957689 0.0160359512876594 0.210320611756002 0.272196455481281 0.0414411045314235 0.10859491663336 0.0594400058885723 -0.00267752854370676 0.0379497995702047 0.325724023435166 0.0564442576002229 0.0131678749967016 -0.0746386160240767 -0.0554809287314861 -0.112623425645234 -0.0216544703409044 -0.127365631702444 -0.100275890314858 -0.0533590911680092 -0.0928681006924839 -0.13054282468374 -0.0401394964283279 0.0131143913829659 -0.0770700467074154 0.0521751908562246
5 0.14407412972003 0.148623820045184 0.224757174156208 0.127618733487885 0.701053916471744 0.15201477082028 0.0570314094341809 0.138313235620212 0.205956360569649 0.209629761544764 0.171737162712722 0.163651046197077 0.0789557612098576 0.0996457380362997 0.242213161631676 0.108113138307973 0.147657161906289 0.131688711184783 0.140534832709138 0.133789604364153 -0.201052934254697 -0.178924716931129 -0.103448682535154 -0.0705488941269046 -0.216674956734637 -0.130861383078796 -0.131216099798871 -0.137423787850517 -0.135839763115634 -0.157588747736661 -0.183434292857382 -0.165412602672305 -0.21821297864732 -0.0830703519216748 -0.262893376513526 -0.000633385237097522 -0.0737453884700856 0.00923818249508988 -0.0528106150202982 -0.0756456455531455 0.02306689809791 0.00519909336361443 -0.138868936643493 -0.0965340293343674 -0.0808380795853925 0.0421518543428093 0.175995037066427 0.153719164057043 0.0772250794222771 0.137832161057718 0.177789558069159 0.209517633132452 0.051669795550968 0.0323250701167681 0.113702176507575 -0.0470864581644723 -0.0668089526079045 -0.115098520523529 0.01576064594263 0.124927667355515 0.044269376968616 0.085616466165244 0.00414245211175618 0.0295108710861714 0.054863773663275 0.0401318331029755 0.0876561669672647 0.0788442518806992 0.133124065022456 0.0793530564984979 0.0865363759210616 0.173381573433073 0.0658470080572349 0.0950099102295864 0.172836134627092 -0.00767949051972128 0.0367402164024467 -0.0590224864929831 0.0089863976654458 -0.00223353896637989 0.0427826612423692 0.12919001710258 -0.00750546529437219 0.0597257131102988 0.116841719679717 0.00671183029211157 0.0461259711526456 -0.0506014462284006 0.000432130151730059 0.0652598127280165 0.026148910211263 0.0241731314109638 0.0289963780104473 0.00935429501978675 0.00963490040832122 -0.0097033339602689 0.088183898157798 -0.0809252841125663 -0.0447777143091428 0.028199098744488 -0.0671771161544872 -0.0754627944036827 -0.0774213050509111 -0.0905414404619152 -0.119443005315672 -0.0615714272353111 -0.0576315971330893 -0.0962888193233514 -0.0447136734665056 -0.0257839721101426 -0.148595413186622 0.0203181893255527 -0.0391270350047 -0.0197645369632877
6 0.193695816679922 0.216988157973075 0.273759796789307 0.207611484205044 0.15201477082028 0.659336170555342 0.0986807448395553 0.146897819289376 0.285000825672189 0.284678301910964 0.15319589558272 0.244273397087931 0.112797083996237 0.102964402161088 0.290754618802422 0.111723451727771 0.1463288649081 0.171144463925061 0.267137508976029 0.0325979431606756 -0.211821826555832 -0.131335916250632 -0.126860676449205 -0.142360916193581 -0.191277948262317 -0.155893050963965 -0.163017491854557 -0.138595629978894 -0.139675706803618 -0.0991375565742522 -0.115867924473036 -0.077618691671984 -0.137872587105469 0.0135608588308736 -0.0630487629268097 -0.0557898344456294 -0.0674560273783068 -0.0626904855340571 -0.00368712935734467 -0.205000704487876 -0.0730754556315714 0.0100282917795519 -0.0105841990893476 -0.0167567844047425 -0.0285752954051309 -0.0156049113897271 0.219913709740862 0.0849375419809268 0.152068152826189 0.118957504977448 0.0458841055369127 0.153407795552506 0.069865558372904 -0.00903126611841122 0.0556504170560955 0.00835324052947389 0.149358520493821 -0.0512462506080735 0.0647792573126144 0.0287609393078426 -0.000312927226890889 0.083686899540268 0.0407955323516186 0.0209780358190665 0.134315740070208 0.0371550155309932 0.10225242554506 0.0993367307270928 0.145561910948793 0.0656399559025973 0.11780258485904 0.156866322613856 0.204031209986435 0.155492568455065 0.137339272367314 0.00372479950342582 0.0932234773007345 0.077664377619878 0.138902324647357 0.0363505933865775 0.0763704865316966 0.166852898880006 0.0498056859610972 0.0395848345450801 0.117800119638783 0.0222340709140097 0.00807381099108896 0.0362135372398517 0.0404268458570626 0.0546692358822381 -0.0317364464521454 0.11726722127491 -0.0158247332681372 0.0683887918271439 0.078596387566329 0.0635425778814586 -0.066716900248751 -0.0660530785705205 0.0267907170176866 0.0339098768091404 -0.0855607304412993 -0.0990537108220139 -0.0763519741146985 -0.075629885201614 -0.0872072612516138 -0.0217408732283886 0.00697255522428228 -0.0975105539517991 -0.081564386786148 0.0389116639773809 -0.100929177030327 0.0818331066767315 -0.0852104913031666 -0.0227397696224408
7 0.21464336450693 0.191955721576652 0.164149432161549 0.0922703072449014 0.0570314094341809 0.0986807448395553 0.580924395912966 0.0874353956799295 0.149402880038562 0.186937004286713 0.0710557534388857 0.194610488870214 -0.0178464928290189 0.158512350674844 0.140315925949979 0.0652579295230096 0.0459997282180853 0.18305886339141 0.0970210132894376 0.0116063783256687 -0.136610112650929 -0.0972603604780245 -0.154836701110076 -0.150487244943834 -0.17002333899285 -0.169829474780742 -0.123609592424857 -0.0625445258729298 -0.262131371950663 -0.140509889948682 -0.189233935157481 -0.111854397260453 -0.143136458828715 -0.125307613943113 -0.124898890952963 -0.102641830270035 -0.0288788991622252 -0.0651906330225881 -0.0193591780597258 -0.0771519860074284 -0.150391169510142 -0.145017466397862 -0.0320346486056858 0.000998522512263032 -0.124571684180456 0.0199332304782162 0.111370901680164 0.0343617067601612 0.0844133950579151 0.0604740939753378 0.0538198366474643 0.0761206617303556 0.0840873364929614 0.0520723315702568 0.0761289371480821 0.0781632387614122 0.0670400011397696 -0.0887366005698622 0.00873724946906932 -0.0056563910830647 -0.0683876080176481 0.0349511350662305 -0.0606503253291888 0.0807985853447859 0.13878883980838 0.112197265229386 0.169208050633093 0.0363105026934469 0.184075067488206 0.0874304829216593 0.197993862004243 0.154225051185125 0.175228866012282 0.165911443155456 0.116397595131164 0.0815339333601734 0.0873175187262514 0.146216551921841 0.152650773779671 0.0914530408577696 0.0262211880005283 0.106747768615157 0.0869730891026384 -0.00351662862698037 -0.00104605190482249 0.0522042788557036 -0.0443599169326153 0.0196838213274064 0.0514538301897396 0.0587037141639245 0.0603429007593237 0.0582675887082177 0.0462616789110289 -0.0339600650691006 -0.0469762418064421 0.057835169953515 0.0118281702050836 -0.0924516219046954 -0.0597731003101607 -0.0492012366610856 -0.13579400287783 -0.0377881496401042 -0.0563536240721876 -0.087200163682385 -0.0454321833921594 -0.0935225556354911 -0.0580058526527703 -0.0524670691449112 -0.0678108209963197 -0.046277490797342 -0.0757286431176817 -0.0512468900233452 -0.0619226823057606 -0.0573156686845391
8 0.193931719381245 0.127014862546913 0.13119714302448 0.0480226828248186 0.138313235620212 0.146897819289376 0.0874353956799295 0.533009573732244 0.0780242836506503 0.192613762980875 0.148179646763451 0.128203311671346 0.145163966258896 0.0880176153276999 0.0921889106846424 0.103851826610792 0.14727143762721 0.125845280744236 0.119644435772372 0.093840371705743 -0.159892232965274 -0.0557315915344584 -0.172754015498949 -0.181079138722994 -0.186068357996869 -0.065951017276868 -0.103680826150675 -0.099086187868079 -0.211835227874189 -0.0950086685472177 -0.113575519355579 -0.138318385010382 -0.128152854350275 -0.185399298133372 -0.157366669604838 -0.107457786211468 -0.0540566487230406 -0.0446948470435838 -0.112506685279233 -0.183859522264105 -0.0973637466151419 -0.0655414276058789 0.00064308322996292 -0.0085395047232275 -0.0197141798205995 -0.0715584861867166 0.116615152000608 0.086225579486188 0.0910804806226413 0.00432075749765095 0.118244648417291 0.102724601203939 0.0872983872496742 0.000742366510179432 0.0974046958851879 -0.0325106262671272 0.0718911225694965 -0.0336303784617764 0.00553134121789945 0.0966588717729961 0.107631355594744 -0.0536881028913133 0.0445683489334342 0.0277778385004011 0.135349940563498 0.0968507652419997 0.0847852788571413 0.115406574115509 0.127040969974635 0.0154749484092549 0.0929129843886013 0.0685859696036849 0.114679521553439 0.226495693081717 0.0504279766259326 0.0364419884217513 0.0945620289628566 -0.0158819062580891 0.12395547651979 0.043447251147713 0.0292232279650391 0.105906794029998 0.0645109662463896 0.0805445252652484 0.0240734103670054 -0.00762946882283195 -0.102743737511229 -0.00285426351775977 -0.0436863436769838 0.0174582237067081 0.0452907376593764 0.104107480177422 0.00241628549142036 -0.0599649145840802 -0.013954353718993 0.0312064753552155 0.0543464955723713 0.0737849188887201 -0.0955976595176844 0.00304251657251142 -0.101478012226434 -0.0664411213793525 -0.0475948535149727 -0.0558417047669188 -0.0869242154417341 -0.0965094461764232 -0.0189724769490962 -0.0608834445814984 -0.0476946664242153 0.0978625548638052 -0.0631922733292219 -0.0885337003677083 -0.0731629976080668 -0.0319267140220323
9 0.301777844843945 0.276182432764492 0.340280919697501 0.188230021306925 0.205956360569649 0.285000825672189 0.149402880038562 0.0780242836506503 0.959613962647909 0.350207082914567 0.0850682075634532 0.275105024792622 0.215784607504654 0.206501586305363 0.307429201096385 0.0943365514372115 0.211854188114541 0.174019975574388 0.214493643805042 0.182420623678911 -0.199977615051722 -0.20296677399847 -0.289427589587542 -0.147795372276196 -0.289258235508478 -0.231779177319297 -0.196877027051664 -0.22224505962276 -0.198603077739787 -0.135727300575435 -0.232367650697741 -0.249272771906988 -0.0285767730157651 -0.0523850749725317 -0.170990423527927 -0.0551182937446083 -0.102904957549924 -0.0352368861198801 -0.0863699901264542 -0.189442527829947 -0.161167452393686 -0.0894745864786835 -0.0571898480225096 -0.0988027392683342 -0.128454516987622 -0.108999480158601 0.35244764698229 0.143643071647139 0.212784581549993 0.224756892574258 0.252548841598323 0.211633647999603 0.0971545361782314 0.0480449502887177 0.254862880556141 0.136541257252489 0.1391501798935 -0.0745339262156096 0.0312755556668911 0.160495466726034 0.137701985896331 0.163145423274631 0.00645203335002337 0.21340232520344 0.144009934463606 0.0647099722835721 0.0777718155839843 0.0131490490010106 0.179359214029177 0.128141738108909 0.214101710122279 0.347326819242238 0.200475289658236 0.297120675431664 0.240912545255483 0.130630255618867 0.0783875721796875 0.112490118392427 0.153803366040214 0.00520633108707162 0.0758516623254551 0.139891105195669 0.0276236713522799 -0.0154499038717848 0.11309143431965 0.0480124740704708 0.230343030223711 -0.0370875065318043 0.0114125187912652 0.0961157976614517 0.0385547496662744 0.205280467297695 -0.04446632453737 0.0290933361146367 0.0780844673326907 0.146123911134243 0.0292950678991021 -0.0596447937408534 -0.0970805829060717 -0.0459821522626145 -0.0891212676017693 -0.108598197092023 -0.0799739934804584 -0.0620429842502972 -0.106879129483956 -0.071283033177282 -0.0529554767735535 -0.154019731499054 -0.114452005784938 -0.126378978490851 -0.206972323635274 -0.0588116297000094 -0.148959622283301 -0.053671536090851
10 0.290262020875955 0.202325814220216 0.360529084133426 0.308195500463005 0.209629761544764 0.284678301910964 0.186937004286713 0.192613762980875 0.350207082914567 0.990904729446771 0.172214368122527 0.493924570458646 0.124447186342161 0.202209206009871 0.320796824526408 0.103420662920569 0.23720329636847 0.316133634541564 0.313366491548872 0.189197845294192 -0.439189072199476 -0.294139662151402 -0.21651615892336 -0.370503801525221 -0.365027137513663 -0.276700388156345 -0.234136021956114 -0.207945701568151 -0.369122767292558 -0.25982247889016 -0.247388181730833 -0.312137972303327 -0.32062094213825 -0.284208699737261 -0.325997229624585 -0.130961211605 -0.0322525953900546 -0.0742092965311353 -0.0231021435469053 -0.293114227907155 -0.214111830888601 -0.0869851943475995 0.00433886697143778 -0.183082251607942 -0.0803478053158471 -0.0977401871260684 0.376838351170609 0.123537503286514 0.222013294929933 0.153042672229315 0.242789530087475 0.224609121071826 0.162028633123496 0.040022870537316 0.441095669792229 0.0746865782348091 0.0828696128925304 0.00957780516561835 -0.0185360882292167 0.138810189532898 0.214031178999649 0.13196349563851 0.0199712279595551 0.214619806855873 0.181654622842198 0.128944121520727 0.189752163763294 0.14706534300028 0.13695089794884 0.0487826934732735 0.16496746802276 0.279930303598132 0.156451195396767 0.294861730210071 0.188436348229694 0.0241507465037196 0.0423550830636654 -0.0292511264085894 0.133675642830741 0.0599188804278122 0.0451860336804045 0.253180376118358 0.0720107334740984 0.128270699633907 0.150354969051684 0.0228260198687397 0.0124772808849852 0.116325150454135 -0.109623031804176 0.0542169211419442 -0.026426398137033 0.190800376288271 0.0333167444157424 0.0222136212140042 0.0377486631835069 0.175881237229127 -0.085210581678999 -0.097643133278222 0.0702665206957727 -0.143359181689668 -0.19354085787404 -0.126964357110606 -0.0864976149830852 -0.131189574647256 -0.148126071288385 -0.0281017563345176 -0.053634740703813 -0.106965106133918 -0.0757875190258356 0.0443761710829589 -0.172698449292969 -0.114703727385199 -0.138468150367881 -0.0880929444508697
11 0.129343881441815 0.1544014871978 0.149055379589825 0.182007938041284 0.171737162712722 0.15319589558272 0.0710557534388857 0.148179646763451 0.0850682075634532 0.172214368122527 0.445898626369415 0.117902459009776 0.0737842889372912 0.167412898645039 0.0658924783945588 0.137074690066809 0.113530911133705 0.067738200397992 0.104493048738062 0.0350731288651873 -0.107911511698873 -0.0287272243302548 -0.125172249515533 -0.0331175223670789 -0.061204692703452 -0.117620314811389 -0.0339286048842745 -0.0878540111525268 -0.0099127730465986 -0.105065224479703 -0.0997715593919173 -0.045248515570067 -0.0146667363501334 -0.125360600234725 -0.0304688999327795 -0.0570156145623854 -0.0823235506391839 -0.0293001617494368 -0.0956031959492658 -0.0757450592404647 -0.0441720203926021 0.0123767366801238 -0.0905332055216788 -0.0921256289722984 -0.0755549858692413 -0.043925884110888 0.0358197635581096 0.0170147166197062 0.0522688260157106 0.0245502068330189 0.0767306181614725 0.0603894426578377 -0.0393719616026071 -0.0400393434215026 0.0828676662489755 -0.0452702377287128 0.0233684144928896 -0.141976255623353 0.0100741625965702 0.0365758038305551 -0.029888144772988 0.106274236149371 -0.0275110352100767 -0.0616786451347805 0.0514685551347711 0.103418859024672 0.132578769047959 0.113045676258902 0.127377948872242 0.0664548139403845 0.0817275687387697 0.133842492125187 0.0984386074486823 0.101411793719805 0.0382019876997427 0.00150209782288102 0.0655935630192962 0.0561926385146016 0.058994492561737 0.0616535426128138 0.0328066292762096 0.0586236288432246 0.0375560066447877 0.0584718327198364 0.0526342970271079 -0.0455007011142582 0.00933012176035102 0.00388183806615491 -0.0075913393031916 -0.00952138345379867 0.00316682043605048 0.0342773120551646 0.0362665547601545 -0.00240167792520457 0.0225209857857344 0.0108535864453681 0.0487668995529469 0.0460229310903821 0.0630963106581516 0.0234105903844832 -0.0864104903538391 -0.0674255659602526 -0.0722941863970057 -0.0251305905570825 -0.0597669516660977 -0.0434193981930087 -0.0447390062927053 -0.0146464764429996 -0.0963757557586972 0.0451528865615001 -0.0456995541913836 -0.00176112008192845 -0.0520477715880377 -2.42309590988215e-05
12 0.277834080995814 0.268400857246332 0.364827351492319 0.39224603785914 0.163651046197077 0.244273397087931 0.194610488870214 0.128203311671346 0.275105024792622 0.493924570458646 0.117902459009776 1.19884994159105 0.0792851936156615 0.23468163507676 0.48813791365186 0.0792111659639578 0.210205707743303 0.247985774830616 0.249376994268229 0.190217743337023 -0.40637871937483 -0.452454153115517 -0.425052967079877 -0.517662232623755 -0.413856578686719 -0.365048350287651 -0.252046045881526 -0.391078445195428 -0.351037365937205 -0.227541518112344 -0.189698087022378 -0.389678990102721 -0.442502405349683 -0.315162959213244 -0.340861762052063 -0.179828867799604 -0.0932984860070258 0.0424116879580629 -0.0281365888573029 -0.312678861750121 -0.157083688816376 -0.0359748912584809 0.125232061624127 -0.0696349635197711 0.0084467552262797 0.0584188218905617 0.41590375587617 0.180517701509663 0.303199913639322 0.252706752778249 0.315424152469824 0.185773357742071 0.125714474077374 0.0494865485492849 0.368062941143115 0.218522556966508 0.0462583305445752 -0.0879231685691199 -0.109763882135896 0.128914004026625 0.20257849314438 0.152659817080365 0.093755744605104 0.157302743655503 0.0672676080557454 0.166732635985012 0.178822092472107 0.0946828872344445 0.193902448759072 0.125576762604218 0.218879388013283 0.345701809688514 0.113321096195147 0.255855881119944 0.375835691963333 0.058252540999388 -0.0123791255652585 -0.0032485410544187 0.213734387660731 0.089262995675392 -0.00187485825676523 0.234426417504815 0.0724214333469215 0.0512340680164644 0.103249485075796 0.100887901714408 0.0309919641707353 0.0984311688882358 -0.0161521504725874 0.0865332641325373 0.0248057292871408 0.162049105434061 0.130432814079005 0.0174979722814107 -0.0175868861469665 0.245002853175084 -0.262030780738152 -0.131943192215466 -0.210985051074334 -0.105378088588767 -0.1903719360713 -0.108557712374878 -0.0557404280067871 -0.122276869109591 -0.169541799442938 -0.0855899024904998 0.00473833688516276 -0.145542636035353 0.0079759168326443 -0.0291446374601723 -0.137131868602771 -0.221934860920678 -0.0619596988007244 -0.0532405764508582
13 0.1215812445194 0.135606586589459 0.140057702132506 0.131796636817322 0.0789557612098576 0.112797083996237 -0.0178464928290188 0.145163966258896 0.215784607504654 0.124447186342161 0.0737842889372912 0.0792851936156615 0.762593927950553 0.13747610220233 0.121804643807549 0.095543506311603 0.163546207227332 0.11195592229532 0.123472064582913 0.0908941209109996 -0.122232294601743 -0.204516399939998 -0.134047091320166 -0.0973218917198505 -0.146753845103001 -0.250064210303162 -0.113158235053927 -0.0607622762814363 -0.116412178045326 -0.0485154819254216 -0.116525399762185 -0.023345518006585 -0.0255358409279546 -0.0317615727702492 -0.23619037219686 -0.111679426474867 -0.10317958103633 -0.157953600019913 -0.036142283466604 -0.214356494881296 -0.269361169869417 -0.169929088438604 -0.0739084005966339 -0.135215323385372 -0.105365964142102 -0.130438782693186 0.226480382712209 0.082945403151713 0.10602529308396 0.151891054220446 0.140139136347894 0.247167095218776 0.0202303841011085 0.00643132278835079 0.059111750076328 0.0811105884929631 0.00417118485085602 -0.0119180346269273 -0.0297026323875795 0.0676555384915105 -0.00465807166856567 0.0642351012213322 0.0402080836255795 0.0187750548380665 0.112458519532896 0.0549574574578097 0.0593274513314353 0.0827894610747066 0.0167034487254947 0.0164902419790651 0.0828275162813675 0.214425071683537 0.131627248572058 0.24639423983368 0.0399077814372166 0.0589850833811535 0.0821702317902769 -0.0175294532382053 0.0294851595617072 0.00838252272374029 0.00929341021996807 0.123423976534666 -0.0270985095833353 0.0444205487804533 0.0973238906771074 0.113311043580759 0.192645480211257 0.022981877186051 -0.0334171090275464 0.100090106063592 0.0790549145145409 0.0395481744543948 0.103506449757537 0.0303618717675638 0.0753791005249733 0.0808758053542909 0.113323038314821 0.0325731873265283 0.0270236489260964 0.025147814356033 -0.00779111272432931 -0.0500303756039436 -0.00974013287281407 -0.0431800684939871 -0.0105033449789363 -0.0974537154876183 -0.0739725638495137 0.0108038031640077 -0.0807498233652652 -0.011296745397753 -0.0590699964914716 0.018930170802641 -0.0742447224625879 0.0354146523369804
14 0.166678614911078 0.149682782904389 0.214676200386421 0.259496675100041 0.0996457380362997 0.102964402161088 0.158512350674844 0.0880176153276999 0.206501586305363 0.202209206009871 0.167412898645039 0.23468163507676 0.13747610220233 0.712954214861906 0.169168131212022 0.161386234570612 0.0836859160321544 0.152576863265268 0.201886669125337 0.204106289374243 -0.241989169625628 -0.216071462583176 -0.22900048957212 -0.120156686532058 -0.207901550640191 -0.161432644059244 -0.0630932217611255 -0.269705405008889 -0.144180810611631 -0.104122105009966 -0.120647923252151 -0.137733880339723 -0.0203517473074169 -0.23223150636568 -0.190217960946624 -0.118797502334475 -0.0748594338904215 -0.0462114286117402 0.0188046728409595 -0.197925791226018 -0.190330279639515 -0.0952514186860985 -0.00193965321178464 -0.0642082421995955 -0.0886600562118704 -0.0245383876394222 0.198549059123285 0.114861732819656 0.132112859617774 0.154712985340364 0.234893577026472 0.185018304834794 0.0380321050655551 0.0382959545032245 0.166270141093927 0.00631785942977614 0.0703491797425767 -0.027399157595316 0.00550215198158434 0.0296309913643807 0.0451379646963717 0.137337261192024 0.0973178629671914 -0.0443505439994341 0.0775684003789436 0.197637992487089 0.176628291707097 0.124225000890267 0.0823247604863531 0.0790922743215112 0.109780483432241 0.294035461003171 0.207630836516709 0.265008785203398 0.147565782850858 0.164700982086833 0.0785065906673317 0.0922385405704729 0.116435895125075 0.116002668582301 0.039966901642511 0.0792782848705792 0.0525676441287906 -0.012697186644634 0.0239489910988483 0.07843912896519 0.0198953029083351 0.00488365337148939 -0.0287350640209906 0.0649827097403625 -0.0226543211132912 -0.0199099245514224 0.0524062754626773 0.11529059853871 0.0850692839565496 0.0809365394968915 0.102987701154132 -0.0359636348515081 0.111170396606181 -0.0334905894966432 -0.174920954271528 -0.10408330767082 -0.0765187452467324 -0.12172954210722 -0.0235861077197886 -0.0447303520099997 -0.0982714687745521 -0.0529015467469035 -0.140510808316562 -0.0579480113215038 -0.0831475377375164 -0.0672966654312494 -0.0598980918578755 -0.00759498192272323
15 0.145435246319841 0.342574613407467 0.481718582719613 0.36680902387592 0.242213161631676 0.290754618802422 0.140315925949979 0.0921889106846424 0.307429201096385 0.320796824526408 0.0658924783945588 0.48813791365186 0.121804643807549 0.169168131212022 1.15890481669831 0.132454733664683 0.26767664850117 0.236016976841658 0.25201423369509 0.105763663634415 -0.310652739130092 -0.40003451581212 -0.20644505781112 -0.254266775894884 -0.310854881612227 -0.326113414453652 -0.218047316639715 -0.223295139679394 -0.402520435541772 -0.194128273349995 -0.297122954140303 -0.172014264867479 -0.248614632584777 -0.251245110490175 -0.254497548378687 -0.106366383753236 -0.086802194371058 -0.127394229358445 0.0669704262981937 -0.308310019458449 -0.330972178879515 -0.0497724863692605 -0.107102292095344 -0.110959588725627 -0.173767546225194 -0.129490123534038 0.373473968225584 0.0612849496729332 0.169075180112223 0.318769225613378 0.313243842043935 0.212888692139031 0.0811816359746703 -0.00273748297821419 0.18836134221271 0.178492318247518 0.0879127830028559 -0.0849390587833233 -0.103026902601841 0.139617677390293 0.0466428684589002 0.117369071357366 0.0591619851978921 0.215605237581958 0.148977451814224 0.199841542856522 0.245619747180653 0.181021230984952 0.162980751473155 0.128462405915468 0.297073106259125 0.383044492059071 0.154052044881358 0.372507494838613 0.349781377000001 0.00228887326037665 0.173530199569867 0.015554037991656 0.148258605977021 0.0544902133926528 0.0315439689009267 0.241004859589693 0.0931870983556644 0.0571757664326664 0.114784705781051 0.0542123453746273 0.0371079353597751 -0.0749464130083181 -0.0311726487778682 0.051476660591314 0.0681289805514812 0.255559290387209 0.134269930072579 0.0384600936941819 0.0338592575209072 0.110006737864938 -0.00566000262101525 -0.0514950391967967 -0.0575936107349698 -0.0852730609143839 -0.129984421974611 -0.149468301924477 -0.137283894288911 -0.174330379071687 -0.137821441028206 -0.221212330488558 -0.13236530211804 -0.228819766113741 -0.15397684958738 -0.191498412671017 -0.229724759644603 0.0167273700391279 -0.146694061510423 -0.0589774340671591
16 0.110077453775585 0.139111669440478 0.0994471933938549 0.179817988439881 0.108113138307973 0.111723451727771 0.0652579295230096 0.103851826610792 0.0943365514372116 0.103420662920569 0.137074690066809 0.0792111659639578 0.095543506311603 0.161386234570612 0.132454733664683 0.625908202333136 0.143221588023446 0.146038221949357 0.187480572726982 0.037217084092247 -0.138653661942071 -0.117481018020019 -0.222373104562652 -0.0922488537764517 -0.184543382333777 -0.0525083203328148 -0.164152738578269 -0.11738798889011 -0.0899909349517831 -0.191626739272529 -0.123045338049464 -0.0428849463494486 -0.142731722416824 -0.0671087285677827 -0.175565541897988 -0.134006263223394 -0.0693680125165859 -0.0936479637264853 -0.00882991389622973 -0.127720984677127 -0.147220031625595 -0.138777780346948 -0.202165630641142 -0.0572629371773657 -0.0889952803442908 -0.070403154415067 0.0718824079211511 -0.0209560471422562 0.0216665353639805 0.0732075443744784 0.083288533736438 0.13024833043916 0.0469353891646787 0.0286111329637547 0.0435279047469435 -0.0270203940613837 0.129459947890205 -0.0159808548790811 -0.00565638639783867 0.0430099593842181 -0.033849613550566 0.0640627798722159 0.088818750229259 -0.0227593770161457 0.136440582499293 0.160909274967724 0.147437424065077 0.21796778734408 0.0730778978870686 0.145930682319762 0.070030993118307 0.234661201957096 0.0723906870475279 0.206561865128058 0.162555472061928 0.0409022751991472 0.0755599542668836 0.0109791879808396 0.0266916020144829 0.060596813684677 0.0687677778994349 0.15793097396993 -0.00684252898002647 -0.0149873613350737 0.0310095564161545 0.0433930234124735 -0.0180647508101562 0.031025660687916 0.0585741994345908 0.0722731197486294 0.10348337193291 -0.00921840602522029 0.0804673166039142 -0.0108454509392883 -0.0390010699292648 -0.046862055415061 0.062020674646427 0.0146132558011495 0.0487562027157942 0.016553421821624 0.0488950331595907 -0.0777048282719947 -0.0351149044053309 -0.0545825975300893 -0.0521563420671154 -0.0178205789198626 -0.083722331763918 0.00900769285595767 -0.105414461113874 -0.082446579673587 -0.0346193259916897 -0.0717631381219536 -0.0687870881729238 0.0419897455208118
17 0.0411986949365883 0.153420335619919 0.307108248632721 0.242156754775654 0.147657161906289 0.1463288649081 0.0459997282180853 0.14727143762721 0.211854188114541 0.23720329636847 0.113530911133705 0.210205707743303 0.163546207227332 0.0836859160321544 0.26767664850117 0.143221588023446 0.961864816311845 0.152502080866393 0.12021183142854 0.112209471732463 -0.135724830526471 -0.242007168250199 -0.168563659571078 -0.235746189571552 -0.127799762323464 -0.222498079647313 -0.190204180575294 -0.0672500061100534 -0.188201626402042 -0.101207198752955 -0.120101386969831 -0.218900380192375 -0.196577100952776 -0.0488094177651572 -0.31563638465724 -0.171339323427068 -0.0675628863329714 -0.103321563139758 -0.0965077137230067 -0.13432860675218 -0.235447884770251 -0.161956493988424 -0.0948041241412423 -0.175310445260535 0.082885511887266 -0.0835637430247788 0.409513458658104 0.175664604178776 0.168982711978012 0.177189254240925 0.0845523929891136 0.047562278081762 0.0515090177298718 -0.0241941638324579 0.0327831042779712 0.0895804365153188 -0.0199476335727593 0.0239317479174667 -0.00881288958440071 0.107795930098417 0.0348656334398687 -0.104212430489969 -0.0413753202144798 0.262425296126024 0.0845105040304596 0.0538907373192282 -0.0149825729352026 0.178999723742873 -0.0134934690011876 0.0104729311348427 0.100518535185394 0.280351256725762 0.113832073688664 0.160844136494502 -0.0120906424005175 0.0325889613664147 0.0208369660832645 0.0321295094458594 0.0559650982839901 0.0675267887142131 0.0615054616459971 0.0799729320339751 0.00329998354881755 0.0419522965561932 0.0783761400837703 0.0987226391564253 0.0558531292702828 0.0807511248909305 -0.0245141107059119 0.0308187442140256 0.0450482670787069 0.172475656574119 -0.00304755524073286 -0.0194844927302441 -0.00554409181638249 0.204735777970813 0.111689900439692 0.185450364481244 -0.150925730854344 -0.0376919239650861 0.021070485748403 -0.0521270916577927 -0.0338593287974628 -0.0962738992452529 -0.0673496352861027 -0.170182467665748 -0.0289599774560561 -0.00474200816824789 -0.0255038239494575 -0.0116815897808761 -0.0580647045916902 -0.0378934653963485 -0.0206542189534192 0.139473144873642
18 0.233695037635689 0.331467944455697 0.260196273498063 0.201758131450771 0.131688711184783 0.171144463925061 0.18305886339141 0.125845280744236 0.174019975574388 0.316133634541564 0.067738200397992 0.247985774830616 0.11195592229532 0.152576863265268 0.236016976841658 0.146038221949357 0.152502080866393 0.732713834085148 0.318385791803258 0.188389799331023 -0.231264385577242 -0.181484106136275 -0.194005166516541 -0.200892176591675 -0.277750982223591 -0.27298357893259 -0.213245180370303 -0.1264511355124 -0.292117657555285 -0.181238172012012 -0.155169909419283 -0.25478774027666 -0.240543512721393 -0.125952927809759 -0.273180654229743 -0.0862259289283702 -0.0966094794084076 -0.0770035270543432 0.0412834392852109 -0.245578567550949 -0.237181678984207 -0.189718021643313 -0.119077838456547 -0.147131148789645 -0.138266750319788 -0.142127423438774 0.202456965386519 0.106922356971083 0.232192777900556 0.296190387855337 0.215040443077554 0.0800728976201514 0.19712475291509 -0.0115886512469864 0.119721711888946 0.103399257074636 0.147373465501625 0.0616814152894314 0.0214401584576448 0.0809307702534513 0.131117515468208 0.137181505275698 -0.00552583317399713 0.0862825135531576 0.143530858019823 0.123968025534383 0.0931370473890836 0.0526142750782868 0.0871033812536455 0.0271378621512205 0.0775557015852491 0.280411084977323 0.176448223225725 0.251397375347978 0.294315989051784 0.0976338299772593 0.180561837065161 0.0529439686355438 0.210350779699231 0.0849404280496908 0.0496488308035977 0.186397998717714 0.0473166614183456 0.0455121394353801 0.171500074175472 -0.0189455304784092 -0.000941570776004129 0.139696084478199 0.00400915901674309 0.195861170312995 0.0590528320093531 0.120929113236313 0.161300889419854 0.0663862742890912 0.0617027606966927 0.0910872962030464 0.0316328830896931 -0.0820932271923446 0.0631473780330905 -0.119859050361808 -0.10730903983896 0.0431269308039631 0.0182446438560794 -0.0784887027211687 0.00634283806950841 -0.0192426749444243 -0.0752742177269878 -0.00462967687502492 -0.0279621762128317 0.0727278117251472 -0.0702053889639225 0.034388549863331 -0.0478160421479899 0.0846948001581105
