1 0.364255072738832 0.0587526235337612 0.0525149269789888 0.0727507431075411 0.060483528568624 0.0537760583660016 0.0437561909204623 0.0226627401713832 0.0256196367182528 0.0581095001691221 0.0109333144116789 0.0421300895052721 -0.0350405492949918 0.0702417943050401 0.0686039544786816 0.0717604131588259 0.0993768466793656 0.0850846884659483 0.0747079285494803 0.0921951584694889 0.04114956928807 0.0595519010228269 0.0890108314161581 0.0610736328868489 0.0518654111258372 0.0745728653656085 0.0593307407764658 0.0636821195908693 0.0650859031758754 0.0533716024240313 0.0486509022431665 0.0733809513037813 0.0732945407970085 -0.0711887183341758 -0.0489963064401518 -0.0599789217661609 -0.0398245986221497 -0.0649628136223215 -0.0709382533801339 -0.0343937042003213 -0.087797999499049 -0.0452994730931419 -0.0470040400272064 -0.0561850995023132 -0.0517984685122156 -0.086969220595075 -0.061917994135916 -0.0265394163010036 -0.0613186792387575 -0.0797995884304577 -0.0643790250739755 -0.0235819501761193 -0.0433843522288415 -0.0583694029550872 -0.0728555067449269 -0.0583062696294905 -0.0452078524371323 -0.00263104095746453 -0.0841561597827866 -0.0329929735624065 -0.0356737489494031 0.0260188048114315 -0.0604832781683631 -0.0155294374678354 -0.00755836609668928 -0.0308531693825944 0.0293598038688799 0.0242974522864591 0.0054358517466412 0.0044254377409788 0.0372186847640207 -0.04157489401738 -0.0288268845080134 -0.0631600763588587 -0.0376829064398214 -0.0114401040814216 -0.0344372447184691 -0.0337242395927893 -0.018113219624278 -0.0604493681534415 -0.035448622257832 -0.0397214322735866 -0.0578958871026008 -0.0554952276842367 -0.025347761873161 -0.0529169099175994 -0.0353961849469707 -0.0242162454211994 -0.0198545077315083 -0.0322610323143336 -0.0202095341097632 -0.0402870861396539 -0.070461015999533 -0.034306116827462 -0.0286407491642614 -0.0303458781223786 -0.03812211022467 -0.0792076008988848 -0.0250879128777138 -0.0243629822609182 -0.0540979144253698 -0.0150361513900461 -0.0312897665285718 -0.0529091283994846 -0.0129354786878922 0.0070575331637086 -0.00728483672247841 0.00882074574000654 0.0467886939503349 0.0666869290472084 0.036197759499268 0.0443517144933733 0.038171181555221 0.0141867937989562
2 0.0587526235337612 0.469484745183046 0.0446524866307616 0.0440834048319494 0.0493419068772563 0.0279865558715633 0.0274102968781804 0.014288775816565 0.0359176575032331 0.0395962853685096 -0.00403091675891853 0.0304018672004611 -0.0270425825111027 0.0638741601687701 0.0247691875491294 0.0625368573997608 0.0426133299589511 0.0352312553151261 0.0558081534247671 0.065045224933181 0.0170757961996775 0.0167375245340008 0.0356992048717334 0.0612490022446246 0.0127501825943995 0.0228842373556995 0.0452149790018662 0.057052901889593 0.0522930139471113 0.0514777295986374 0.0336508524811727 0.0785512816644626 0.0622258704008589 -0.0567050009711495 -0.0641007574641024 -0.0591255994976771 -0.0452492786897355 -0.0615580887610859 -0.0797798792068008 -0.035548392149298 -0.0378233648082085 -0.061740955082553 -0.0371974401074236 -0.0516276885016819 -0.0297149592539658 -0.0288281070560269 -0.029519506446342 -0.0212099866937702 -0.0749563072299019 -0.0470120100965874 -0.0617474397524685 0.00458737597654655 -0.0672839637337452 -0.00793054519561752 -0.0454484145015271 -0.0328231757290158 -0.00864442625490614 0.0515448015546167 -0.0700962824916124 -0.0381313921486078 0.0185981465969498 0.0309814649307263 -0.0170377686446313 -0.00686026522352658 0.0151780917904558 0.0089211656067002 0.00627364552195915 0.00330054338356357 0.0263009221396449 -0.00129879488830849 0.0376170883019741 -0.0598431588139448 -0.0536994899011816 -0.0512756218862243 -0.0684892732355744 -0.0350461772086895 -0.0453044964689165 -0.0419320684463634 -0.0365346399118672 -0.0490647422293925 -0.0368059359130688 -0.0412581584148354 -0.0500139619152413 -0.0573342894645498 -0.0542664555558066 -0.0527276681698375 -0.0286323909507793 -0.0202928091906949 -0.0343623636917717 -0.00251285258479991 -0.0725619359992133 -0.0236845392066416 -0.0178012435757366 -0.00960987040113717 -0.0543914570012224 -0.0444608067728926 -0.0280274110374763 -0.0414323877418043 -0.025253625262631 0.00629475977535649 -0.0189943175925991 -0.0358281473193929 -0.0185778866284197 -0.0425498183346198 -0.0436049058988055 0.00845253936614201 -0.0223586901781372 0.0101338858104625 0.000104069067045617 0.0408632449401001 0.0270469078836081 0.0195287905742255 0.0331689406276161 0.0150280275747489
3 0.0525149269789888 0.0446524866307616 0.429861811508723 0.0632592418605387 0.0367706040869594 0.0474410909855525 0.0371550293360087 0.0105213680768706 -0.00258810993938603 0.0769233916099542 -0.0211080330573168 0.0259693218221917 0.00979141972622556 0.105963649176269 0.0547713611757009 0.0624758086143558 0.0801537704016802 0.0810083122884499 0.0818226516428201 0.0747285017115474 0.027895753877823 0.0685357305450659 0.051478161441857 0.0512303555040948 0.0496489578313555 0.0400153059887366 0.0465446177538507 0.048012380138227 0.054534670447811 0.0617467050616602 0.0469072749127684 0.0685287701879871 0.0421102452665618 -0.078604567065274 -0.060732513091196 -0.0635936067216487 -0.044524069426185 -0.0790627465275785 -0.0612597687190115 -0.0797628727147332 -0.0820858779775665 -0.0756905310290928 -0.029172781769401 -0.0767711878943254 -0.0307712738443995 -0.0850483284647717 -0.0784122777208625 -0.0346334158234383 -0.0659190537332487 -0.064754436947451 -0.0694420577316512 -0.0239890196428533 -0.0638029915965939 -0.044564387334769 -0.0355371511107198 -0.0372530483673161 -0.0418057030426713 -0.0237244305016489 -0.0552190407583117 -0.0574356846097359 -0.0169608011466019 0.01660124023136 -0.036484847054504 -0.00545850400768583 -0.0401314662945764 0.00124614811852451 0.00345335141262099 0.00783328590361885 0.00728249987825502 0.0279795741062108 0.00938221235179828 -0.0448089086923759 -0.00718427552175202 -0.04026201686144 -0.0284604535387542 -0.0280437229131612 -0.0306722820942189 -0.0333144252920092 -0.0269145204575341 -0.0650890926057297 -0.0511664050564974 -0.0454701534005823 -0.0381833501245591 -0.0609418122774089 -0.0210242426714382 -0.065517086064502 -0.0360033438450225 -0.00261980769551602 -0.0550539722560837 -0.0410695831088352 0.00842293548498125 -0.0297892510093004 -0.0372902287014028 -0.00757465954115345 -0.059680829339028 -0.0216142869233094 -0.0474665025727292 -0.0278399242416132 -0.0500049997263529 -0.0198180753771361 -0.00210756377661742 -0.0163955228984949 -0.0434582476323974 -0.0424233665892631 -0.0315741796928313 -0.0066276018780362 -0.0436807472626689 -0.0144534100663147 0.0412346659460752 0.0493031747123012 0.040038393877293 0.0400986997676646 0.0249142959437005 0.0307005747825137
4 0.0727507431075411 0.0440834048319494 0.0632592418605387 0.476684617270593 0.0555247137219515 0.0519790345274126 0.0442030552628207 0.0702142362270189 0.0440474807464524 0.0408765585225916 -0.000120919873683969 0.0501515904283146 -0.0366947260989159 0.055553442046481 0.0707508807955498 0.0963106453019374 0.0820841659200572 0.0771875191126464 0.043274473633223 0.0771519373988318 0.0274249785518576 0.0798480796374312 0.0975266778851058 0.0331272586149511 0.0732747137742655 0.0521728216762878 0.0498620345336872 0.0525092797726711 0.0439109060695214 0.064170444290784 0.033053947252248 0.0694409049116916 0.0764933514331441 -0.0809274443312734 -0.0640726509283585 -0.0583720266653213 -0.0389403491030436 -0.0593134866704048 -0.0841178147076375 -0.0687616645098788 -0.0739894063025124 -0.0607224866597211 -0.0644523803772183 -0.065171015703485 -0.0392932601288736 -0.0785003209024079 -0.0675954388781007 -0.0207179516260128 -0.0628953504988872 -0.078089808175179 -0.0825112588199849 -0.0237942957063031 -0.0600535059019186 -0.0375882935796866 -0.0409210111175161 -0.0179908025810423 -0.0403526238037479 0.0252301272745566 -0.0476836715588671 -0.0559426402814118 -0.0348841901682027 0.0165197191161898 -0.0290975841893197 0.00282504942267419 0.00117715096753001 -0.0286861330354821 0.0201557613498547 0.0111005799706478 0.0165956569158725 0.0196839124653397 0.00384388111171103 -0.0727199713346457 -0.0312305803672359 -0.0592668722181166 -0.054290044680858 -0.0689445948210688 -0.0483831923554267 -0.0319944898648596 -0.0280823099241819 -0.0304609254294545 -0.0616457780125325 -0.057732026529807 -0.0634343730173296 -0.0661017297929829 -0.0611501939827726 -0.0826335614889791 -0.0496177365618727 -0.0554645754671209 -0.0364867494285576 -0.0400518171459806 -0.0165864373136832 -0.0584943011358404 -0.0534471609652113 -0.0468735493723486 -0.0299503164777012 -0.0537131513343008 -0.0614394824098428 -0.024413936203739 -0.0536124717088367 -0.0151440548550517 -0.0264520287117309 -0.0282615000472368 -0.0224837532905514 -0.0323042758921115 -0.0241900797681777 0.00697614433490505 -0.0200699921566035 0.0414341233210587 0.0717756056166402 0.0516537073231186 0.0333250363709918 0.0435054758944926 0.0120027642369876 0.0127652629355513
5 0.060483528568624 0.0493419068772563 0.0367706040869594 0.0555247137219515 0.418291010950797 0.0281691485864045 0.0180907656315989 0.0391107582405936 0.00654052804706317 0.0520465548589628 -0.0280859092305778 0.0344634992872881 0.0150954585516386 0.0650367865530335 0.10540029010583 0.0826764946897637 0.0663110438974386 0.0775072692601529 0.0794686865386676 0.0696224791605306 0.0594164196836793 0.123498454732917 0.0810001410670654 0.0881551252524785 0.0621096511891115 0.0521294588739888 0.0786430450722629 0.0613563406935925 0.0394758480164064 0.0305652751906178 0.0656162634367942 0.0291239211047262 0.0611492756440104 -0.107824149328392 -0.110869044292557 -0.101103167245365 -0.0691979338199029 -0.0864435293038538 -0.120016748082329 -0.087136321771692 -0.084110191678958 -0.0973637877541819 -0.0867613021364867 -0.0957405030420592 -0.0509990045995823 -0.109051977751822 -0.0655633538756285 -0.0701806858612658 -0.0865371510839141 -0.0770050595497228 -0.0868160130389133 -0.0387415136529275 -0.0674606037926978 -0.0605892996027233 -0.0797311714628088 -0.0698124155756361 -0.0880345867133129 -0.0517849413031733 -0.0780320347208657 -0.0877399534924234 -0.0121146020720344 0.00280571047596782 -0.0414391587635015 -0.019874826975571 0.015244660144414 -0.0330033859887494 0.00234887323884273 0.0136758361132754 -0.0141338864557803 0.0045527448253574 -0.0113875007232774 -0.0541161130770526 -0.0139984223054073 -0.0556125161956375 -0.0582315783400261 -0.0690828536935195 -0.030487848078373 -0.0687409715264315 -0.0449042807430092 -0.0454235751209334 -0.0639474058189326 -0.0424057046627825 -0.0603238099484031 -0.0383486179955105 -0.0422709139474946 -0.0675343500205308 -0.0606617243048133 -0.062997067395165 -0.0629599372352768 -0.0416455945818788 -0.028354411060532 -0.0827842182312391 -0.0641536945145508 -0.00380677353873193 -0.0533355856899396 -0.0405773638841747 -0.0492166053038191 -0.0511950442476187 -0.0156423709793991 -0.0354849985668803 -0.0118452936219229 -0.00371330442191246 -0.0444657218522599 -0.0575234691716945 -0.00838044457913753 -0.00334574757830906 -0.0490093344448879 -0.00773681368003097 0.107170465393641 0.145740353915928 0.0672537517063452 0.0818486544463553 0.121290052107497 0.0614780310568234
6 0.0537760583660016 0.0279865558715633 0.0474410909855525 0.0519790345274126 0.0281691485864045 0.574265704590429 0.00276832517080183 0.00951104992386331 0.0011167466691812 0.0359830325429019 0.0190868541213279 -0.00443553867915238 -0.0388825557326478 0.0682298861727861 0.0379088009262486 0.0426133710402468 0.0799201644135904 0.0630264226472409 0.0483303640195657 0.0785011270519181 0.0207588766461846 0.0553227468502437 0.0621066053593493 0.0358927270833756 0.0360006668571624 0.018364576778779 0.0483355889376206 0.0433935807566812 0.0443550569715646 0.0634574627916568 0.0681957371012447 0.0431069521186155 0.0736528882501348 -0.0802608562055815 -0.0560913944376961 -0.050291829888127 -0.0263867279495223 -0.0484431997179501 -0.051738003103899 -0.0719550249443686 -0.0223452524638662 -0.0599036802177124 -0.0291361689027347 -0.0515088368733113 -0.0461406851435077 -0.0683926672575888 -0.05938061317472 -0.0109893881893544 -0.0469595675901728 -0.0650857454056088 -0.0541007324984491 -0.0515405529657068 -0.0386140943976158 -0.0633011717434747 -0.0781566056787359 -0.0103788070271687 -0.0361214969212778 -0.0211502473064981 -0.0299904442023865 -0.0176911889832198 -0.00784686646065483 -0.0158675152851828 -0.0338688791689169 0.00551440491584527 -0.0422284602250032 -0.00812296292439928 -0.00768412292796545 -0.00625537736832672 -0.000618205255292381 0.0174532300445225 -0.0153780939266285 -0.00648384978067173 -0.00562987448980634 -0.0281661989069556 -0.0374243299018508 -0.0259299314778233 -0.00441810697445646 -0.0197669335447759 -0.0250058978421078 -0.0340657910307388 -0.0594097603613052 -0.046784164564311 -0.0010925296349356 -0.0386706396946689 -0.00285369896879456 -0.0375235734322065 -0.0352542172611843 -0.0192776084260485 -0.0511762943753348 -0.0129844084493253 -0.00701966586755341 -0.0368345777932182 -0.0287198046976315 -0.0393253047128224 -0.0651344639199296 -0.00484948183685677 -0.0524261519179715 -0.0206152488919764 -0.0193556274632214 0.0101917463749411 -0.0233012004084128 -0.0198791181288351 -0.0108602961075337 -0.0446128388550115 0.0236077190691958 0.00150694516567194 -0.0339020323225 -0.00845283285151197 0.0230576831828165 0.0430929298605165 0.0412078603506597 0.00334278556578453 0.0325331132163166 -0.0184582932155812
7 0.0437561909204623 0.0274102968781804 0.0371550293360087 0.0442030552628207 0.0180907656315989 0.00276832517080183 0.624220293964637 0.0247724435373777 -0.0111422568941435 0.00935902477837177 -0.0213821118093633 0.00384707614796161 0.00429801801101872 0.000876895099955544 -0.00954384323375533 0.0177797637060201 -0.00635992454317232 0.00902595603176884 0.016100659226954 0.0105882027495599 0.00402434298366432 0.00547601827625878 0.0270676620891858 0.0253104356469519 0.00874325200011496 -0.00117447186295054 -0.00104458906647303 -0.00404272079705168 0.0127456936901928 0.00804604059484651 -0.00396404182419484 0.049508575403218 0.0147851323432949 0.010989020642349 0.00127088843635133 -0.0254630947543 -0.00665212571886697 -0.0020317584676484 -0.0235948617926016 -0.018532605016444 -0.0273157811812642 -0.0239540727656455 -0.0482510727019754 -0.0139559476990729 -0.014189402619742 -0.032514272413214 -0.00324018724309411 -0.0252516602418353 -0.0183889841718375 -0.0179367573603574 -0.0184788693510968 -0.0121771898404992 -0.027410161048667 -0.0286185187159843 -0.00385544873400025 -0.0757398407662181 0.00923617196403976 0.0337350268412079 -0.0172093441385229 -0.0252357720457993 0.0129113145019556 -0.00759779034737313 -0.0115707661202739 -0.0248447382745234 0.00312092709962409 0.0155030694677021 0.0121934590995061 0.0257301819812946 -0.0105495422707285 -0.0357662113157953 -0.00871189493549287 -0.0058297770056733 -0.0232321015107731 -0.0270531832018104 -0.0361844931301351 -0.00211863221966919 -0.0274612555004518 -0.042135537673637 -0.00863496339673457 0.000237562887894364 -0.00790691325651073 0.01029623112746 -0.0260631757896984 -0.0414783687771613 -0.0379949483315951 -0.0233269380052219 -0.0344663132008546 -0.023977957910588 -0.0178062278293983 -0.0181077445507763 -0.0227719372725799 0.000809728311606166 -0.0181590147821163 0.00165981847246909 -0.0433096118040902 0.00907079671852972 -0.0315649873437902 -0.0158120904942956 0.000106361052296963 -0.00860414649367154 0.0131403371033539 -0.0253678376479419 -0.0232110368253599 -0.0411290681890794 -0.000394491938804742 0.00147500876281595 -0.00179320301459258 0.0153199272394327 0.0195510812433029 0.0136488919943592 -0.00349651474725674 -0.0152543917341566 0.0217293271860481 -0.0327294443842725
8 0.0226627401713832 0.014288775816565 0.0105213680768706 0.0702142362270189 0.0391107582405936 0.00951104992386331 0.0247724435373777 0.806750508066192 -0.0505807725199192 0.0128706820618705 0.0150530604668994 0.0113785434012406 0.0104063419592705 0.00653169582512716 0.012619029657399 0.02944686461015 0.0201864603243067 0.000421474465622592 0.00737985155671673 -0.0105409315645511 -0.00588973739399335 0.0444738434565383 0.0278913143768299 0.0375324362739665 0.0129385383338461 0.0405999791032106 0.00688736279536807 0.0105292142157146 0.00060400801298705 0.012902564505785 0.0683218099751814 0.0481830147625477 0.00858993475361345 -0.0497929105555949 -0.0387126827218082 -0.00754505420749452 -0.0165494405233331 -0.0761362008368418 -0.0557386019006893 -0.0664667837641865 -0.0442406658622057 -0.0439631471090993 -0.0511169127379416 -0.0284886293307583 -0.0212922607366982 -0.0370206857602834 -0.0601791456914719 -0.0262715216161048 -0.0860912695169381 0.00692398033605479 -0.0449896286304142 -0.0470660249817152 -0.0555040303599115 -0.0293477477238999 -0.0661783621853131 -0.0275469143585001 -0.0521558903364655 -0.0997070821057453 -0.05299487057621 -0.0461274629427019 -0.0499495123398154 -0.119136330113385 0.00248186713483018 -0.00767084153157666 0.0124943156162572 0.0057767208264839 -0.0654598757734909 -0.0342675001586297 0.0116885840845533 0.000839467372693749 -0.0245476713506055 0.0185080727931188 0.0385196643102929 0.0197586687510981 0.0469479193637274 0.0364693541114401 0.0882332762390571 0.137729419839211 -0.00984520470017002 0.0476380597499893 -0.0239419591520993 -0.000629309846542405 0.0535808125807823 -0.0147190577629739 0.0166455729314603 -0.00460009555677616 0.071642904185721 0.0591337752808595 -0.033614544029488 0.00893861539565455 0.00867610501209844 -0.0702449947598986 -0.0333448743061833 -0.0433386573831405 -0.00868424669166186 -0.0491284161136539 -0.0333181553583052 0.0212219237117467 -0.00196540788065432 -0.0125778550267333 -0.0490407678176045 -0.0323637181437213 0.0606807615071504 -0.0726490829176385 0.00554716516346009 0.00977432174524915 -0.0954187709856861 -0.045680299833394 0.0140823990691881 0.045264429279592 -0.0128885784084196 0.0208837857011774 0.0342538826312694 0.0767712258985345
9 0.0256196367182528 0.0359176575032331 -0.00258810993938603 0.0440474807464524 0.00654052804706317 0.0011167466691812 -0.0111422568941435 -0.0505807725199192 0.897039716993056 -0.00827398129865957 0.0300549866865244 -0.0105997353460415 -0.0389395378217413 0.0482716157559609 0.0218299359694734 -0.00393671270657071 0.0216738899013094 0.00493018039157992 -6.00376801700047e-05 0.0306869933900544 0.0154726739564069 0.00220655345010634 0.00016253513500005 -0.0190656321552729 0.0119743182440253 0.0036037817805641 -0.0127530039183954 0.0347740751355667 -0.00310309191741625 0.0172294493873906 0.0118176474631573 0.00768441324530198 0.00714195298965366 -0.00688475703890721 0.0230486761540697 0.00575707787248712 0.00571571489277019 0.0420240258691073 -0.043219161447711 0.00129503777287029 0.0077331741179326 -0.0112940177811083 0.0382008765309257 -0.00284013856783467 0.00911110872528895 -0.0128562666984618 0.0317005921748136 -0.0213226295221872 -0.0427239924284459 -0.0344401307667093 0.0307099346804816 0.0135526155166547 0.00955828163366989 0.0462019954040044 0.0110005524823121 0.0704517044959139 0.0593137980230636 0.164439382380893 -0.0300331279921496 0.0920549607139341 0.08532110658412 0.120568173957776 0.0261801195129269 -0.0221372337711451 0.0634575028603611 0.0216990023291066 0.106578287053606 0.0656474674355324 -0.00350051103477213 -0.0921669647045475 -0.027021216372704 -0.117164971458601 -0.102727934263489 -0.081588991993996 -0.0960799728094581 -0.148775352350773 -0.176296609462764 -0.117180030049712 -0.0346651248835725 -0.105799377889787 -0.0521280232200631 -0.0118726957971472 -0.176193592892451 -0.0459851135852444 -0.10462219533014 -0.0795962447608535 -0.137682313262451 -0.136473298194978 -0.0198905618461709 -0.0579947238916973 -0.0940983226606658 0.0130865790726123 0.0178986271801226 0.0464358224309117 -0.00348055657751032 -0.0298178161587349 -0.0131524955116752 -0.042176414402846 0.0180381718031631 0.0515130042419032 0.100228085207259 -0.00216890977359958 -0.00242014762409892 0.00657091359528309 -0.0224846134114939 -0.000382629717175084 -0.0185898291103308 0.0970930602520516 -0.0494569572485647 -0.0234445940165298 -0.016176912426885 -0.0154832122458418 -0.0561879714551701 0.00830652465307402
10 0.0581095001691221 0.0395962853685096 0.0769233916099542 0.0408765585225916 0.0520465548589628 0.0359830325429019 0.00935902477837177 0.0128706820618705 -0.00827398129865957 0.583988212598431 -0.0184059094618428 0.0107849429224845 -0.00227261658996313 0.116407044222107 0.099159918480484 0.084875761726811 0.0738336932844278 0.109269110998681 0.0588295835341261 0.135618524317957 0.036019331388999 0.0903758093525957 0.101382825095807 0.0662804763942126 0.0739871023988875 0.0606295747534152 0.0876901041303159 0.0652623704029905 0.0744745211463527 0.0684298178309678 0.0445939101659347 0.0569031337209348 0.0401694645828358 -0.0795978480070459 -0.0700927995475077 -0.0880131652065763 -0.0627009560903297 -0.0676171376956791 -0.0690191317298565 -0.0573949830886967 -0.056147835095835 -0.090728884785293 -0.0934913466529903 -0.080648245707421 -0.0606150452194893 -0.0845607551688428 -0.0581119607945778 -0.0500498778595625 -0.0673342247783143 -0.073073106754832 -0.0714585717098348 -0.0588729648937294 -0.0495448484094319 -0.107467711638133 -0.0673849985350957 -0.0530830224335275 -0.0690482954811316 -0.0857542131236363 -0.0351769527443868 -0.0707877522249308 -0.0534830186033308 -0.027525350150892 -0.0472134437052705 -0.0256229123551542 -0.0420170675883166 -0.0449540910645849 -0.0331969936728756 -0.00933578670027236 -0.00478084020075201 0.0171247339648261 0.00580086760101669 -0.00517165400019909 -0.00339634296025637 -0.0621585500890646 -0.0269281534059249 -0.0246395498550027 -0.0153827239857105 -0.022386668252479 -0.0444536270914935 -0.031839487645896 -0.0592728324794055 -0.0687970341287663 -0.0139754488865943 -0.00552289622610406 -0.0487655640567279 -0.0624294716991156 -0.0182442775155054 -0.029090414528243 -0.0377346740024397 -0.0357946781886522 -0.0261253457664225 -0.0687022417322833 -0.0437595715615084 -0.0666319485775439 -0.0655549086708272 -0.0139108991430942 -0.0340722631456993 -0.0101945804445899 -0.043917728420159 -0.0340081787626592 -0.0601930607552918 -0.00668305212437789 -0.0368649634407716 -0.0481241625003106 -0.00245258394304618 0.00074253351855366 -0.0240590948916118 -0.0352247500824619 0.0522481959671506 0.098270498797634 0.0298442616627782 0.0223001283670626 0.0239744382188672 0.0411477850479474
11 0.0109333144116789 -0.00403091675891853 -0.0211080330573168 -0.000120919873683969 -0.0280859092305778 0.0190868541213279 -0.0213821118093633 0.0150530604668994 0.0300549866865244 -0.0184059094618428 0.782678026982604 0.000312028182593866 -0.00818423240255942 0.0343093940938131 0.0872054024713114 0.0149628541363383 0.0639539224315669 0.0578927462565227 -0.0335427923789746 0.00520039592088401 -0.00915301386934192 0.0251342470143224 -0.00166095454813805 -0.0139608431430066 0.050082753008755 0.0618473333723357 0.0574382252400678 0.0260581290165578 0.0322457089303381 0.016703595389887 0.00863129860626666 0.0350961990639626 -0.0249919100195728 0.0186364512713954 0.0147214147090494 0.104628139104005 0.07608282964416 0.0863344808709622 0.0200807216573769 0.0637563792921956 0.0471498542297542 0.0733321094977326 0.0659224826081613 0.0688069593265524 0.0564360481799983 0.0437659694599675 0.0538346226874868 0.0652096698794737 0.00548244422208635 0.0898909625781235 0.05667075774986 0.0275543716984223 -0.00397798601077987 0.0645252532039576 0.00449675448566414 0.0661257975817585 0.0100118521654167 0.0103852997889691 -0.00503524636326804 0.0446282548687085 0.00990006457426084 -0.0578623082671863 0.0122999382691754 -0.0388756737351115 0.0487777102031123 -0.0198745325360771 0.011274736682481 -0.0104479716017366 -0.0327731418858821 -0.00409093592878301 -0.0384783050201987 0.0107457688658767 0.00849833973252358 0.00263650380248452 -0.0302153664646939 -0.0511632778403293 0.03404084231721 0.0160945454281013 -0.0833649566042915 -0.0230640273686736 0.022616919136994 -0.0520980776486842 0.00556564764382181 0.033642270759878 0.0533331844229823 -0.000243122144751726 -0.0182097167161788 -0.0312695410041329 0.0114262330468542 -0.0177473810106819 0.020908820655441 0.0417816579032171 0.0491540195521271 0.039034648502235 0.0706293661193615 0.0515505048933111 0.0942195707174673 0.034611483806014 0.0776972739548328 -0.0249087466726249 0.0322688978543811 -0.0121433831679351 0.0517815582565665 0.136152459639178 0.0759848760101025 0.0365643437142899 -0.000706150508467253 0.0395654431336265 -0.0157693761698138 -0.0606898090019575 -0.0261034284443369 -0.0399743343481353 -0.064453448121943 0.00389559907572242
12 0.0421300895052721 0.0304018672004611 0.0259693218221917 0.0501515904283146 0.0344634992872881 -0.00443553867915238 0.00384707614796161 0.0113785434012406 -0.0105997353460415 0.0107849429224845 0.000312028182593866 0.571710094443389 -0.024673563969874 0.0333357105902965 0.0389739460784653 0.0487500500105922 0.0185118711254899 0.0295581372343358 0.0386517401327531 0.026231773469481 0.0284910316327551 0.0443393090861049 0.0272269029282887 0.0348753853995193 0.0238674248865105 0.00578116420546964 0.0587488179557241 0.0239711651247217 0.0477366372019751 0.0279675915630151 0.00930925117220612 0.0210405965132134 0.00454546621783862 -0.0520372645497397 -0.0522831618443462 -0.050377379090426 -0.0515228629790553 -0.0556640144938798 -0.0579207749059084 -0.0380680643460156 -0.0639335118208817 -0.054536759182737 -0.0303870184174355 -0.0721203883777864 -0.0384533538660296 -0.0495150389628184 -0.0368375239414102 -0.0114268479573725 -0.0959792841089141 -0.056371624741588 -0.0490095557182278 -0.00570258293660601 -0.0535884449788024 -0.0113184013529021 -0.0104621866655276 -0.0051024936042571 -0.0153233677415642 0.0367677506691556 -0.0416469373423948 -0.030150418993251 0.0132120469070384 0.0629484497351569 -0.00332806094388568 -0.000110356727897977 -0.0114439350293619 -0.00678662345129693 -0.013874551966604 0.0482991486701615 0.011212692715216 0.0138378080380552 0.0684133516514193 -0.0599665515588228 -0.0602651042207408 -0.0750128764318424 -0.0357901679177417 -0.0681396261466097 -0.0659431245434992 -0.0679693846763791 -0.029271061850723 -0.0616813263668685 -0.0460988731776248 -0.0301677546526263 -0.0724953049145028 -0.0710320241772715 -0.0692917158467438 -0.0611742129524744 -0.0603118191259798 -0.0545641780277632 -0.0384427374222544 -0.0616619237052719 -0.0251879343120876 -0.0418788229854461 -0.0507096538754222 -0.0410550510974905 -0.0261661997345657 -0.055970818049592 -0.06062585771179 -0.0302079288889608 -0.0545996002277537 -0.0410363410078286 -0.0297760158022433 0.00341124280115696 -0.0451813133043927 -0.0428186317566347 -0.00985289739819424 -0.00505709543157183 -0.0279940328092016 0.0170756466677964 0.0479175949846624 0.0519172796060378 0.0402158792653646 0.0405894475495058 0.0676744604676643 0.00232717070774936
13 -0.0350405492949918 -0.0270425825111027 0.00979141972622556 -0.0366947260989159 0.0150954585516386 -0.0388825557326478 0.00429801801101872 0.0104063419592705 -0.0389395378217413 -0.00227261658996313 -0.00818423240255942 -0.024673563969874 0.851697152327346 -0.0193141919764261 -0.0129085485560465 -0.0154394231225506 -0.0350377167454124 -0.0199186588284328 -0.0143314995662743 -0.0200818976316938 0.0326606759999716 -0.0265091335397881 0.0311010608475727 0.0115279615964357 -0.0440114261049521 0.0082888459302625 -0.0479834828067131 -0.0502675468323636 -0.0151581059618502 0.00885770684501209 -0.0379266061263547 -0.043086589897627 -0.0235790522403415 0.0599136963837557 -0.00873261906621315 -0.0119125576125179 -0.025472985702867 0.0215730795667616 0.0258628759844268 0.0166542427408598 0.0413012961355777 -0.0152241466065812 -0.0199024031327709 0.0148026729341791 0.000910148031178365 -0.0250524867690748 -0.000487640620024965 -0.0214722568996962 0.0233734801566723 0.0203963582168122 -0.00270491265135434 -0.0381377244103114 -0.00776519640301674 0.0237589465883637 0.0250755212488341 -0.0216762264662314 -0.0137706704998608 -0.0882060236508554 0.0233679462243542 0.0145216603694057 -0.00961843645275188 -0.112889770190288 -0.0217613398300959 -0.0401547493769205 -0.0374207931647376 -0.018105716530832 -0.0160579692459733 -0.0728699429630529 0.011484832849234 0.0516284767677176 -0.0462441637167392 0.0324609264223589 0.00273973053217665 0.000162947276286589 0.106066372424211 0.0394711156229529 0.0166796528026441 0.0256290157293241 -0.0407097583307867 0.0426701041929974 -0.0127919768984231 0.000672032889394536 0.0695862378958457 0.0423022254345596 -0.00646838522057135 0.0240943295766211 0.0566796419922662 0.060834840149866 -0.00259927327230297 0.041466483284167 0.0639908320831195 0.0424093125377317 0.0396942846101358 0.0172473363765503 0.036896852135491 0.0565106216842156 0.00432932094007624 0.105602646896569 0.00139757648352408 -0.0152879248118018 0.0518802191745933 0.0572691128700736 -0.00309383812466172 0.0415947220851181 0.0122211219814664 0.00507868062178192 0.040087667998532 -0.0220626811998891 -0.0139232133087542 -0.0355673516487019 -0.0492103684837171 -0.0400603768201177 -0.00840819981755179 -0.0299723534661214
14 0.0702417943050401 0.0638741601687701 0.105963649176269 0.055553442046481 0.0650367865530335 0.0682298861727861 0.000876895099955542 0.00653169582512716 0.0482716157559609 0.116407044222107 0.0343093940938131 0.0333357105902965 -0.0193141919764261 0.645842286265291 0.262932202785078 0.198225155077588 0.275328277011866 0.253928333589303 0.153795954940002 0.204001264907389 0.16384565594324 0.191057362085748 0.129988886088169 0.112111636926125 0.203689065690431 0.221472041828506 0.219050801362166 0.229821205347426 0.122864514364639 0.0942102748557343 0.0783277497739018 0.0619846383175689 0.101548959950026 -0.184843397213148 -0.14737627260805 -0.209000815381755 -0.140539826975671 -0.148594089136935 -0.148113825931777 -0.108704890991504 -0.182336077534524 -0.156218678817701 -0.15061473796107 -0.161621345315049 -0.140463631617293 -0.117876167268859 -0.119878035523202 -0.134232028668545 -0.15497559438341 -0.137218068195615 -0.146852534182383 -0.115676083726219 -0.0893478239747094 -0.0762175230660826 -0.0850851251414749 -0.0733670713100965 -0.070775026598062 -0.0528714008740768 -0.0328804982782637 -0.0536558899378312 -0.0328536609361178 0.00255324356247885 -0.0505750020223101 -0.0592864337522425 -0.0679415494971072 0.00644930523964461 -0.00201351741280264 0.0187544216883858 -0.0237969429058252 -0.00753555141326286 0.0294122240608561 -0.122268901881073 -0.0936505552309521 -0.134306468449786 -0.130976936401299 -0.0894623830421987 -0.0856465521126517 -0.124120339379968 -0.166619907778771 -0.105354161620606 -0.142603908669332 -0.138768976613261 -0.0953688354436538 -0.0899131851868051 -0.0803195057100174 -0.121408974571555 -0.0622138287720857 -0.0596245037012491 -0.109791827200872 -0.0822869590929881 -0.0497228017571354 -0.11353583447234 -0.0454920224699355 -0.0107783682701213 -0.15896698617432 -0.0796763460528357 -0.0581777601020404 -0.0445064437568831 -0.0916999121101974 -0.0548382271209506 -0.0458810077697101 -0.0279790344377527 -0.0253449773029395 0.0334694379178526 0.0102780475415764 0.00934628241484005 0.00350422493241295 0.0915027512375399 0.070372035010955 0.108890197949149 0.0926379784312376 0.0524054371262666 0.0654939809506805 0.0867503212495783
15 0.0686039544786816 0.0247691875491294 0.0547713611757009 0.0707508807955498 0.10540029010583 0.0379088009262486 -0.00954384323375533 0.012619029657399 0.0218299359694734 0.099159918480484 0.0872054024713114 0.0389739460784653 -0.0129085485560465 0.262932202785078 0.940512111232924 0.263228298037284 0.415967520694342 0.258193758067604 0.2015605930975 0.173237861136195 0.202825451803505 0.352666008514954 0.213075287790814 0.144953235731585 0.308900955175273 0.289238245214578 0.259960585360278 0.250836618417838 0.1022027230735 0.104975755695337 0.109116613800427 0.0880677204691545 0.144874765875592 -0.182922314067593 -0.194116135413598 -0.215271963363985 -0.156836146246173 -0.135370487409029 -0.175546527746222 -0.169369603888536 -0.212336211315084 -0.19461846229267 -0.191931864212644 -0.118911907832278 -0.173062643938628 -0.137099535803579 -0.123935146893985 -0.150360753763676 -0.177078313327776 -0.109902805485136 -0.164689265576472 -0.156498179873791 -0.195277990538356 -0.0956758535641369 -0.0218345564032375 -0.115148350418101 -0.104482832143686 -0.0576852657232447 -0.0422261632840811 -0.138118753678846 -0.0176301276159309 -0.0164479575866769 -0.0752776210207556 -0.035996105797466 -0.0235482282965229 -0.0481675979516199 0.0581381265422843 0.0105676549936591 0.0632937413611217 -0.0460089924175622 -0.022721320648849 -0.155901143823592 -0.111488356343257 -0.130084469248547 -0.151531232658095 -0.150607623408818 -0.126577655926352 -0.161321644319415 -0.20396554984326 -0.156354243742784 -0.170319668234842 -0.168570005394924 -0.123845541269124 -0.0852179029666051 -0.110548925363849 -0.113332712260384 -0.107695594259906 -0.144689857113289 -0.113088056485986 -0.095091339996215 -0.0530438102719547 -0.137408702497541 -0.0274220772922006 -0.0508421297550011 -0.140711591911241 -0.080918547100003 -0.0745928538005384 -0.0353095933766263 -0.0379876784306604 -0.058250521406845 -0.0148442219735193 -0.0155181327417226 -0.0509980227908556 0.050310665490348 0.0519066600219159 0.0751457892009154 0.0132462609368304 0.0806158160378169 0.170067174024888 0.196345635070872 0.229175339825226 0.109704195715609 0.0980397030676005 0.144918519806099
16 0.0717604131588259 0.0625368573997608 0.0624758086143558 0.0963106453019374 0.0826764946897637 0.0426133710402468 0.0177797637060201 0.02944686461015 -0.00393671270657071 0.084875761726811 0.0149628541363383 0.0487500500105922 -0.0154394231225506 0.198225155077588 0.263228298037284 0.742355675847529 0.269604541425188 0.186977183284994 0.182068708633813 0.145971083969048 0.177108339448451 0.217283037785769 0.186590138257605 0.128008627467117 0.275791803682755 0.203726685505736 0.21331890244417 0.233778688481942 0.157836898761415 0.0806745870882968 0.069218589954617 0.0871647959572693 0.133934229594593 -0.209709802755296 -0.251964833575041 -0.228097130826789 -0.17695389669445 -0.180209261157565 -0.219207865073358 -0.203521744241856 -0.211766284213016 -0.172484599251284 -0.179514420914527 -0.190206127750683 -0.167136843119259 -0.154009220221966 -0.172071408154138 -0.167462493815261 -0.148538896591991 -0.151403610097342 -0.15734109799177 -0.121980752723509 -0.11341585012687 -0.0688575572789287 -0.0847351535498433 -0.0962644566967223 -0.035749720264743 -0.0318572964481609 -0.0701902674077486 -0.0818649417081564 0.026127579408057 0.034732967394405 -0.0353947528536012 -0.0347359156119875 0.00578445208933096 -0.0133396457947794 0.0113688216334738 0.0471233739295485 0.0110084008321713 0.0290077760219812 0.052932727587988 -0.163417499534998 -0.144211263639896 -0.189070175177198 -0.184554403540815 -0.135063599542447 -0.122711474240143 -0.198446680064659 -0.168877060673493 -0.166112630632855 -0.166159277159798 -0.160612082459273 -0.141666522406077 -0.132823696835332 -0.114587980663451 -0.140042349749037 -0.12334115766891 -0.0896803236383516 -0.134038154142899 -0.109073743944399 -0.110008815511527 -0.157547172888278 -0.090520331119557 -0.0400981952696122 -0.132240302741612 -0.110539185671281 -0.0833115073944919 -0.0810295854756304 -0.0850277905649746 -0.111217908507228 0.00225495718383828 -0.0284759645069256 -0.0607597457887527 0.0319203841813847 -0.0120829302169941 0.03299595495413 0.00714548081939562 0.0541651685973574 0.156976005771735 0.160324459645224 0.145904259225191 0.0837895886609553 0.101646549733441 0.0332171832234787
17 0.0993768466793656 0.0426133299589511 0.0801537704016802 0.0820841659200572 0.0663110438974386 0.0799201644135904 -0.00635992454317232 0.0201864603243067 0.0216738899013094 0.0738336932844278 0.0639539224315669 0.0185118711254899 -0.0350377167454124 0.275328277011866 0.415967520694342 0.269604541425188 0.869317249578145 0.259535642766779 0.183667586593171 0.19642784482462 0.17219035781864 0.307699959593817 0.194257261308696 0.117871095092994 0.335627705762333 0.295283956262528 0.269237183367657 0.30346262143633 0.124103346383943 0.0887192032357578 0.0945197200258658 0.0868302276267136 0.128027997853901 -0.230354580431108 -0.198744153579533 -0.233786421875119 -0.17945391374423 -0.151250155042422 -0.169653644336339 -0.167939525362533 -0.213081323013301 -0.205056178853452 -0.141002546261672 -0.170453806379001 -0.183421423258755 -0.123852645825169 -0.12113672351818 -0.132071386485661 -0.126716937713599 -0.146992440752129 -0.180175476714676 -0.14451993358889 -0.123900847308786 -0.107972483344452 -0.107829065438648 -0.131854527496933 -0.119593038455191 -0.00406169162074084 -0.0428954247615254 -0.100158721217069 -0.0647636104135174 0.0264594639699697 -0.0241027734988394 -0.0237665060477013 -0.0166491770900431 -0.0428225578160706 0.0386783691250131 0.0350548457519101 0.0561400111522176 -0.041467588359521 0.0524797121879466 -0.112595660403052 -0.0957627763877807 -0.131108143636195 -0.219164441895734 -0.139537686681484 -0.0677859527223123 -0.152040546972769 -0.1629073085804 -0.118887238599989 -0.172862435430153 -0.156632779476161 -0.0982248008922895 -0.0414011116866756 -0.0474452418607524 -0.102315459599178 -0.0952637673959851 -0.0339470870949943 -0.104167208338944 -0.0898248073942146 -0.0493206539427327 -0.0930204828996843 -0.0983323559318063 -0.0363166850012403 -0.127042748216337 -0.112062561853674 -0.06881143797076 -0.0453107839999004 -0.0657080582507156 -0.0851598504882628 0.0323583374815909 -0.0587049928680882 -0.0535387649426841 0.0563793035263257 -0.0207185826010754 -0.0363956904391497 0.0160274459645054 0.101723785765618 0.156581437268615 0.141305544232037 0.165383578741051 0.137919716966235 0.060358561679749 0.101313229490407
18 0.0850846884659483 0.0352312553151261 0.0810083122884499 0.0771875191126464 0.0775072692601529 0.0630264226472409 0.00902595603176884 0.000421474465622592 0.00493018039157992 0.109269110998681 0.0578927462565227 0.0295581372343358 -0.0199186588284328 0.253928333589303 0.258193758067604 0.186977183284994 0.259535642766779 0.752076324260674 0.133998276813284 0.159188873839199 0.161553454497568 0.198091831103456 0.158378639596852 0.0950802034721061 0.231651884894821 0.223360006610503 0.174513689221752 0.226227212769507 0.0801433908166563 0.0808212855180689 0.0567676474573119 0.0706669702970298 0.154578570557041 -0.157290559445676 -0.153670420914336 -0.17468434960834 -0.126512068951836 -0.0995060614958624 -0.114971435417034 -0.109211927466977 -0.13030098775731 -0.122095357147101 -0.136495957792977 -0.0710940794797859 -0.119082672747383 -0.129886444278852 -0.11872286089001 -0.0874703126165487 -0.137897151264613 -0.0958166461938229 -0.113412655559696 -0.080845428241395 -0.123859550455991 -0.114713383205458 -0.12100927533541 -0.0590511950650152 -0.101155161061561 -0.0779986388819582 -0.0407329588250432 -0.0571319268305015 -0.0653744517308713 -0.0153195840572274 -0.0519233936263577 -0.058457404052235 -0.00710124532726606 -0.0395237621562575 -0.0333213839855373 -0.0211680681372454 0.00847429520512714 -0.04875667632666 0.0575302141115363 -0.14555960723546 -0.0685776791778135 -0.105332577322078 -0.139050722227169 -0.113106667282623 -0.0839353211505467 -0.108400522263042 -0.126698459879159 -0.0904644220523672 -0.122776406284793 -0.115926998773341 -0.0762444620346074 -0.0303742632769995 -0.0565743659973195 -0.103781759001005 -0.0786146119587072 -0.0624376937292169 -0.0256286062190946 -0.0751879508854849 -0.039861201347128 -0.111162179080804 -0.0754413575638786 -0.0775379786877112 -0.127673681280025 -0.0413393509389423 -0.088776807178908 -0.0237455153456623 -0.0216861679485247 -0.0378321543918423 -0.00765044477254591 -0.0213792116722217 -0.0427430521153166 0.0544194930306219 0.0221939318955342 0.0578944978317683 0.00201035558504313 0.035167601245739 0.0817833829125768 0.077677905123738 0.0779911796515194 0.0546156850066462 0.0482296262402622 0.0112043242314879
