1 0.360778675975835 0.0573889639732395 0.054212932710637 0.0734893280164264 0.0631541269685517 0.0534130511226279 0.046100269355178 0.0240386936628382 0.0244559439527175 0.0571772845257693 0.0110733830080876 0.0436282587558473 -0.0346308463104644 0.071035625913079 0.0688316836242054 0.0712070443709422 0.0985583387361781 0.0846382843694346 0.0773979815662788 0.0919076931880215 0.0433453588916659 0.0597707770519014 0.0894435765927528 0.0635540532597203 0.0524828012571445 0.0715710014936761 0.0602063441486485 0.0633370864468659 0.064562567441191 0.0564171452125485 0.0498787997338373 0.0737556975868542 0.073873527968524 -0.0714884381979245 -0.0505653750621067 -0.060697529837455 -0.0401246152421991 -0.0664365450893964 -0.0733397745520587 -0.0354956806329511 -0.0893960783683544 -0.0457962968880227 -0.0482222922540668 -0.0585291802066374 -0.0520789162770502 -0.0886598903330055 -0.0633386998621558 -0.0281123990102008 -0.0621833544914383 -0.0796056057940768 -0.0660347872904806 -0.0264495686255168 -0.0431078177056873 -0.0592478115182948 -0.0727957852279099 -0.0615400372239709 -0.0460403354654512 -0.00379075828846246 -0.0833435032683057 -0.0318362791820979 -0.0349707340089421 0.0256901676023897 -0.0597234728788539 -0.0165543229893913 -0.0080634578429585 -0.031772577170061 0.026477745419263 0.0226611001928313 0.00448909723201494 0.00581546467266595 0.0356717555266292 -0.0424144249703448 -0.0298603239010868 -0.0637706965511911 -0.0369778823993016 -0.00932905829973666 -0.0338031919081081 -0.0334142268278288 -0.0193101937663803 -0.0607512834123649 -0.0361766423601576 -0.0412901934202851 -0.0560375888825182 -0.0559195569472559 -0.0276545363922067 -0.0500669258743587 -0.0340792912688365 -0.0227967972283801 -0.018644804623041 -0.0341793074010147 -0.0221419552730357 -0.0418285594532897 -0.0686094189151341 -0.0353326082730221 -0.0307086174279475 -0.0307445156590696 -0.038284066599703 -0.0789052674916223 -0.0233398585460431 -0.0249083238633309 -0.054720425885823 -0.016590105155 -0.0310559411364817 -0.0529687153750271 -0.0132276067763212 0.00734869650179506 -0.00836238817739774 0.010673721828015 0.0493684404832147 0.0689317085851828 0.0360323625024253 0.0486926124904111 0.0381048349716603 0.0099528317420604
2 0.0573889639732395 0.466730248196207 0.0444940010487551 0.0458013668676235 0.0530056001791354 0.0284624105870965 0.0307066366082315 0.00921493152142507 0.0360866869151779 0.0487869832487926 -0.000209318063130614 0.0328966956148017 -0.0233035894622876 0.0719098816279794 0.0312126589537073 0.0688783311868633 0.0492805882908656 0.0423841843828157 0.0625791858078429 0.065661444503645 0.0283187878734352 0.0224857522941708 0.0405482112089936 0.0625762544367408 0.0150604521506265 0.0289884876728374 0.047329781312084 0.0656749697776074 0.0624358181143565 0.0496099230669056 0.0404698447683492 0.0799125597553346 0.0646938552985667 -0.0618665438308346 -0.0678077171212636 -0.0645020732596477 -0.0467453429165154 -0.0662106466106428 -0.0831761582176754 -0.0415667268692808 -0.0432077957405838 -0.0630942327106456 -0.0438014187140717 -0.0567238771467299 -0.0322460680546 -0.0319759104870453 -0.0335112667361908 -0.0244690319226269 -0.0724168676418087 -0.0510333265558826 -0.0647495322822297 -0.00151337514635876 -0.0666948453616683 -0.0108855598533911 -0.0432231627093994 -0.0340273399442887 -0.0123493629393274 0.051859170141701 -0.0709030242953799 -0.0356498262975206 0.0177166607400954 0.0327160133286986 -0.0205706892653599 -0.00587060007679312 0.0144223883241547 0.0151268539611529 0.00285703750393954 0.00300198510270041 0.020933052399412 -0.00707197704514318 0.04409289229116 -0.0608446118428363 -0.0574617523067933 -0.0564073256228752 -0.073023844304528 -0.0375100219335587 -0.0480490395685967 -0.0478299124953701 -0.0417373694846183 -0.0534167598719646 -0.0395088226839237 -0.0474969061467704 -0.0557054404164181 -0.0586069345092172 -0.0559606160096745 -0.0539288316287507 -0.0350480187004379 -0.022223384466263 -0.0364774964062224 -0.00993867948942877 -0.0717449996340821 -0.0280517446706597 -0.0126375826882747 -0.0110579001456112 -0.0564515215789706 -0.0400958006516752 -0.0331930820121822 -0.0387233902364051 -0.0233426191655201 0.00723578281438796 -0.0237621139304043 -0.0326744461382124 -0.0210711685379461 -0.0425487788457296 -0.0418930409733376 0.00767854922902996 -0.0244220316843329 0.0182078742616414 0.00484071925121751 0.0409827527278932 0.0277401591423581 0.0210294164209603 0.0354768234672185 0.0106671088082415
3 0.054212932710637 0.0444940010487551 0.446560045760525 0.0706117965637206 0.0450179212520772 0.046986372231195 0.0457704312848363 0.0143945864550361 -0.00533332094964897 0.0862874601310235 -0.0139086247861457 0.0274073835620008 0.0131957718030718 0.117608047962698 0.064399842011122 0.0629154066491804 0.0851908165853064 0.0935809760654153 0.0898164185823314 0.088164887498944 0.0396708679711821 0.0793292972197624 0.0558796632315853 0.0633883991436614 0.0539987829622847 0.0450717558865781 0.049735564956785 0.0466837067707273 0.0636449252221075 0.0770675624391894 0.0664226616426419 0.0685466433168415 0.043577909130418 -0.0867554885633294 -0.0670934630079033 -0.0691090028584939 -0.0486535205479417 -0.0873822649560695 -0.0671589791491019 -0.0872614376721785 -0.0886956674246786 -0.0843904783317401 -0.0365352172362145 -0.0801940475630891 -0.0351977553035132 -0.0899294551208899 -0.0850388572633185 -0.0418976204879894 -0.0621123281505143 -0.0620332113305904 -0.0785280908628244 -0.0300617102065429 -0.0700847476008191 -0.048578261302545 -0.0349463402155978 -0.0450968199143577 -0.0443952530020541 -0.0275704233193478 -0.0535733988951049 -0.0617933891527602 -0.0234260634640347 0.011143080358229 -0.0354690253301647 -0.00974180579416138 -0.0421227761713807 0.00271824036938988 -0.00342327275950883 0.00328256773244073 0.00021334425284852 0.0261446457173971 0.00810096817329497 -0.0500766412810067 -0.0146081456774312 -0.0466801315545501 -0.0320222267402705 -0.0367241189801537 -0.0334084168502751 -0.0386589212191538 -0.0300565822310237 -0.0629213205178584 -0.0601533144347077 -0.0515195416673569 -0.0422278768925117 -0.0665926886587875 -0.0281864775756207 -0.0707663308001244 -0.0418457102541012 -0.00822472347189532 -0.057976364771732 -0.0448361829823732 0.00593106168471348 -0.0296870244557727 -0.0357999301046816 -0.00808815845862151 -0.0566155123659221 -0.0161998221544822 -0.0488429936604838 -0.0270850264008302 -0.0513761788433862 -0.0149967827034275 -0.00135772808440881 -0.0192655723864469 -0.0433247115935802 -0.0482473921445128 -0.0254513733923213 -0.00335604183811028 -0.0483323975068133 -0.0123632917937091 0.0521247276959866 0.0527778982654503 0.0401747215771611 0.0495594930373653 0.0394554773821398 0.0347408267878886
4 0.0734893280164264 0.0458013668676235 0.0706117965637206 0.482800789651438 0.0581413982232781 0.0528722959699087 0.0445793156389679 0.0731929277823227 0.0392142014113176 0.0475948382319806 0.000552835069384775 0.0505161514109478 -0.0319940706166646 0.0597819208735644 0.0743261286920768 0.100564778867684 0.084983608789559 0.0853011968772541 0.0485014817241346 0.0827233944406516 0.0319588234110739 0.0835452275779168 0.103805452450352 0.0417986868204853 0.0754274221235926 0.0521432238232607 0.0547401645260741 0.0493507240037287 0.0479614041679975 0.0721773758486406 0.0389048622085035 0.0682337341574936 0.0798196492813047 -0.0845019391956153 -0.0697623374905894 -0.0645397969319352 -0.0410622934986258 -0.0631694447897567 -0.0890083193205547 -0.0714656454987753 -0.0766163718877192 -0.0652324050605116 -0.0688732973554492 -0.0701624064732561 -0.0420291933335018 -0.078331382527626 -0.0708696168478248 -0.0235606596575076 -0.0646149969906002 -0.0754609311446239 -0.0887721701784489 -0.0299348037431514 -0.0632479849640844 -0.0425215701059543 -0.0405732841102731 -0.0223712342271103 -0.0435403937833042 0.0210293005319036 -0.0481602062852293 -0.0573390937607149 -0.0381809433706319 0.0109268950915547 -0.0276552905493937 -0.00513287557974572 -0.00186054284386183 -0.0330084331442456 0.0144020587098251 0.00495021483101333 0.0133410344485173 0.0200121552577432 0.0013560725671335 -0.0763676841845436 -0.0350817466667368 -0.0636659456278904 -0.0541417029563247 -0.071898074154321 -0.0473918090589901 -0.0335921486999568 -0.0312229069786268 -0.0306592655570929 -0.0673485298964577 -0.0610523103734472 -0.059672974774067 -0.0657612302028878 -0.0659964214467606 -0.0832736703890688 -0.0470649267863704 -0.0558127167112135 -0.0365758915182084 -0.0399491622973 -0.0158249392796309 -0.0578624382219606 -0.0518944917142647 -0.0443044538059852 -0.0318300139483904 -0.0528254033204798 -0.0581726717117202 -0.0198063028530976 -0.0514263426683612 -0.0120799416863308 -0.0289363888261749 -0.0286058872947495 -0.02001582710064 -0.0345412720468883 -0.0201778989960831 0.00938855356423718 -0.0179117328040946 0.0456468154918585 0.0733508375305744 0.0493021381590156 0.0315217005119512 0.044115296709917 0.0131087168062242 0.00959902389438416
5 0.0631541269685517 0.0530056001791354 0.0450179212520772 0.0581413982232781 0.436194838568671 0.0248423576418819 0.0169332647107621 0.047110293049384 0.00606359057465788 0.0644915460889177 -0.0256157541139322 0.0322335412229856 0.0102609840056608 0.0667423348304626 0.108263610757682 0.0837560421636226 0.072723250635624 0.0800345645419518 0.0952851706966828 0.075965932599347 0.0698380037435594 0.12878351830573 0.100414921557759 0.10206637660073 0.0692031445531091 0.0502137359377509 0.0858695191457297 0.0626193814787694 0.0447836930893482 0.0388455347765537 0.0743230679620923 0.0297596450743845 0.0759202421588006 -0.109583410719464 -0.119152396758923 -0.105264543260359 -0.0749120519950881 -0.0944371189372603 -0.128033700049287 -0.094317824656556 -0.0906439853640187 -0.10357104463408 -0.0887190815207514 -0.101365675148819 -0.0531370525959479 -0.116781175004675 -0.0720870222957571 -0.069376449465275 -0.0930041329796008 -0.078294124396816 -0.0907300253186788 -0.0476956236341157 -0.0628302465081467 -0.0702141857453381 -0.089461125652644 -0.0788233372271397 -0.0890891767946346 -0.0463660083596297 -0.0822184064086086 -0.0916736600070025 -0.00715395224843885 0.00200870335247605 -0.0373603322439196 -0.0177483343405411 0.0128874604458638 -0.0331112752196779 0.00269168339753794 0.0113559814154875 -0.013278691652453 0.00348297284793673 -0.0122497383653498 -0.056359739765469 -0.0073611096392395 -0.06412446172536 -0.0622658557175737 -0.0733277471872109 -0.0354953012911318 -0.0709377028401735 -0.0572953845900223 -0.0537024238242964 -0.0761700783208727 -0.0435815589724193 -0.0575483472587264 -0.0412505363309973 -0.045331472172457 -0.0639749472979841 -0.0655134730761865 -0.0580679972130408 -0.070783297020198 -0.0384391699574777 -0.0322757593989255 -0.0835299217612578 -0.0663501339166602 -0.00290759478631878 -0.0569857436552213 -0.0433489922855644 -0.0510245263507215 -0.0557363362236092 -0.00958414966209311 -0.0342682948374455 -0.0100146628644695 -0.0102950666850307 -0.033442141906857 -0.0644321157945467 0.00757327125613638 -0.00408962490985552 -0.0474948939737751 -0.00775282333653163 0.115134945230985 0.155126461001554 0.0706524900260567 0.075289801207675 0.135830385857783 0.0597964036396245
6 0.0534130511226279 0.0284624105870965 0.046986372231195 0.0528722959699087 0.0248423576418819 0.576352186243327 0.00133074623930316 0.00512923316073025 0.00108289071069612 0.0263611903737808 0.0211808136667013 -0.00744219922664545 -0.044986342583525 0.0673097113605938 0.0393468422573048 0.043255901321641 0.0767714721374522 0.055573186477305 0.0562440518909576 0.0780706786918719 0.0219094787725205 0.0526531299355613 0.061439129698948 0.0444397895369585 0.0413271598317048 0.0191558460323198 0.0449094393127526 0.0362625662628288 0.0461121579479345 0.0571205253206909 0.0661640875838528 0.0486343828281115 0.0753589722733628 -0.0797561318987535 -0.0546037517711714 -0.0465055865562376 -0.0253965942501514 -0.0493032169243128 -0.0536180209452953 -0.0777508566582879 -0.0197261676638964 -0.058016450658945 -0.02470342145613 -0.0520206322355802 -0.0453879421317927 -0.0651432582665759 -0.0595382429369888 -0.0113806510374175 -0.0448395674252696 -0.0633384061209226 -0.0533533425261341 -0.0538693710613094 -0.0391849439330162 -0.0620302080525731 -0.0769720361725315 -0.0104947502417621 -0.0377871546861729 -0.0176723412343302 -0.0277864127233669 -0.0170088920222755 -0.0100535279156487 -0.0172689976020798 -0.0361039467212498 0.0122372986664406 -0.0411161002628155 -0.00370395414302112 -0.00858433739854285 -0.0047036702061583 -0.0104048361029716 0.0211271861813386 -0.0150710465479466 -0.0105450691175595 -0.00225253473599777 -0.0341990826445473 -0.0337679490239167 -0.0265081147618801 -0.0042629659875777 -0.020904307244225 -0.023857958925103 -0.0321744093966171 -0.0558587386443712 -0.05247328465599 0.000100277544874829 -0.0370840840428944 -0.00705199094383351 -0.0407672409995274 -0.0356489733438627 -0.0154750043636658 -0.0497052257855266 -0.00604551223221624 -0.0148283465646012 -0.0368277515458042 -0.0319223724705557 -0.0369961404440958 -0.0606970626151669 -0.00672244198856621 -0.0473121137324936 -0.0274142920718906 -0.0117846445353292 0.0096327929449975 -0.0313330580477082 -0.0245075624281753 -0.00193064097791985 -0.0478300929883722 0.0175170216076817 0.0026668741862154 -0.0312538243190727 -0.00867915307516554 0.0310035771151393 0.0573692347898688 0.0397552324732018 0.000671335419400506 0.0402745895599906 -0.0265466859394473
7 0.046100269355178 0.0307066366082315 0.0457704312848363 0.0445793156389679 0.0169332647107621 0.00133074623930316 0.65131327930882 0.0239287874757127 -0.0136129398959089 0.0105875319694854 -0.0138232398253022 -0.000955582298539853 0.00227956626660425 0.00436016454199072 -0.0148093878878811 0.0303486683130216 -0.0130946105621167 0.0137195582642825 0.0184647330531006 0.0100126637887138 0.00413892326595514 0.00660380577881159 0.0273943437089488 0.030382095210489 0.00758037680585414 -0.00248314210847086 -0.00531724991346876 -0.00706708132702954 0.0135867844302286 0.0104143903756731 0.000654031537870327 0.049474730201548 0.0142258695795149 0.00238797780892691 -0.00647802456576558 -0.0331127464078469 -0.0179533176459718 -0.0103552896092415 -0.031297094081705 -0.0249678158172006 -0.0333348563445844 -0.0340741518628767 -0.0575141482360824 -0.0187920631689285 -0.0283271296362512 -0.027764077889755 -0.00139613762107673 -0.0337114217748357 -0.0217853378801764 -0.0226534698066943 -0.0272416234096824 -0.0192086201448822 -0.0209429442663703 -0.0355424399257856 0.000546065427523362 -0.0861224072571495 0.00170528224671656 0.0368269877630511 -0.0259359964526808 -0.0263785083659069 0.00998005980437398 0.00031759869790241 -0.00139858312425707 -0.0334520244089386 0.0128679473966372 0.0151695039955572 0.0073980976912299 0.0166044043569286 -0.0187787476738561 -0.0325931166358976 -0.0104777215693459 -0.00808360851179579 -0.0262342405890306 -0.0360089763119828 -0.0352695051770681 -0.0063191297962422 -0.0246499782283988 -0.0505087613891843 -0.00609450694018474 -0.00233373059142433 -0.00801409367503331 0.00117477234654799 -0.0105769656524128 -0.0349251395710665 -0.0441662959860126 -0.0289387967455883 -0.0333729527493887 -0.0214264082322102 -0.00901258883013489 -0.0176111718740236 -0.0247954831361307 -0.00490296742058887 -0.024717547826729 -0.0075731429883298 -0.0457529713916979 0.00850178229984272 -0.0377152408216647 -0.0184473481350961 -0.00977310169052522 -0.000388603702342671 0.0203818573268218 -0.0296639466026388 -0.0244501036663282 -0.0346823269774653 0.0114802156573471 0.0051672102398584 -0.00455650694830367 0.0130934995242452 0.0262633691442729 0.0198853798865346 0.00942739272450074 -0.00250641335980114 0.0270705442466153 -0.0287019513679199
8 0.0240386936628382 0.00921493152142507 0.0143945864550361 0.0731929277823227 0.047110293049384 0.00512923316073025 0.0239287874757127 0.810837964840582 -0.0449223661141233 0.01757031657286 0.0185147310123841 0.00971107419426539 0.00925623052116122 0.0111626612931917 0.0100119167964157 0.0283552990918971 0.0273648529239144 0.00357019888535243 0.0138508097241337 -0.00106251583971053 0.000965471516921683 0.0442885833002175 0.0323187214321325 0.0379553486772865 0.0228056914625281 0.0434164526837849 0.0035490350205995 0.0118087029037875 0.0106432696136628 0.0113721564978308 0.0778002214590284 0.0496798727983756 0.0151880806699452 -0.0461283714712998 -0.0423403941428644 -0.0058167288561835 -0.021300588800907 -0.0765037486210256 -0.0594691507113156 -0.0716229623715794 -0.0493890267173869 -0.039452758062857 -0.0481430668002774 -0.0310597451246332 -0.0170816866022311 -0.0404470829848304 -0.0647014245857106 -0.0239355583184822 -0.0864841157828219 0.0115516177151143 -0.0463400217161139 -0.0521368074121314 -0.0531018061953011 -0.0333672110147532 -0.0666932793138394 -0.0307256674346005 -0.0485427205100143 -0.0965499434841818 -0.0483253481599652 -0.0405607478315046 -0.0537380577263977 -0.120864488642947 0.00277422389879711 -0.00894369823483145 0.0146072697850477 0.00514827630929736 -0.0683872572651473 -0.0305728023926385 0.00696783893774046 0.00085598591073759 -0.0202983208983545 0.0146522803214079 0.0352240416619057 0.0156640623110217 0.0397523522022072 0.0348210572394857 0.0844825505929861 0.136386209671964 -0.0163627627060896 0.0449018385570443 -0.0285802794396583 -0.000490578687292944 0.049267461622597 -0.0205740958295286 0.0140683898285338 -0.00183804643330051 0.0726511889594456 0.0539708648144891 -0.0400043641070874 0.00468006400112742 0.00564119280387344 -0.0666305382672679 -0.029668916901333 -0.0410666549181565 -0.0158114409840479 -0.0488904283226458 -0.0383935397691348 0.0171965088407171 0.00121767050803057 -0.0148003670052069 -0.0490827498262097 -0.0397828115849993 0.0645022845679772 -0.0809949393125453 0.00740681250569724 0.00597302045929495 -0.103855980068037 -0.0438976751474832 0.0174057705866803 0.0420908600078055 -0.0153196842606242 0.0169766023402095 0.0338475144831166 0.07679599692861
9 0.0244559439527175 0.0360866869151779 -0.00533332094964897 0.0392142014113176 0.00606359057465788 0.00108289071069612 -0.0136129398959089 -0.0449223661141233 0.87967078277719 -0.0106325653779126 0.0315587125748823 -0.0127883170740146 -0.0313899448773777 0.0311934518935411 0.0220271502886838 -0.00855385008475366 0.02232019283375 -0.00304859545088502 -0.00243278698294452 0.0293449924316024 0.0105229850565107 0.00268885386928319 0.000949630712061624 -0.0226207338508825 0.00772332382728974 0.00165349643814862 -0.0171892576586365 0.0307860214482903 -0.00553792308879791 0.0111323653654373 0.0100202372650604 0.00388502698147988 0.00800023296959693 -0.00154410851632647 0.0209526744072501 0.015523135264366 0.0137837569815456 0.0475275516654127 -0.0329869773434098 -0.00519627699615869 0.0148181526891194 -0.00170517641054318 0.0469797563996564 0.00230848721897386 0.0172249361109439 -0.00930127451632198 0.0352406547842645 -0.021976516556284 -0.0422852413148387 -0.0302308905413718 0.0355039401924005 0.0200124539388416 0.0134101941400804 0.0521123647419553 0.0179883502767962 0.0597240549023807 0.0574203068841611 0.159474950245212 -0.0290059119474207 0.0958796321874304 0.0850429507689706 0.126228768740706 0.0330821239371885 -0.0290536431665856 0.0579134689368747 0.0190094531015727 0.107758194601756 0.0681169156932896 0.000993952662092322 -0.0848384006469906 -0.0267804899957102 -0.119355599548524 -0.10817223951577 -0.0752493819129721 -0.0918407952005904 -0.140801762415785 -0.171464324933719 -0.115183529762649 -0.036267019938989 -0.0986140602105972 -0.0508714127869348 -0.0141987428414111 -0.174099814895037 -0.0411560765243523 -0.112232063563355 -0.0734307893289534 -0.136619915308721 -0.13783951304111 -0.0179107667145913 -0.0525090415030648 -0.08688614483451 0.0224474810773044 0.0203517620952332 0.0525476951757388 0.000851881402189217 -0.0238215296455449 -0.0129075727453668 -0.043175594812141 0.0245157643638762 0.0588500717681848 0.0912940892911647 -0.0156774976924091 -0.00185620773952351 0.0107635802822035 -0.0244815379201658 -0.00668861947515242 -0.0240575891382924 0.0901317678486043 -0.052042263381366 -0.0244539525605626 -0.0185863979418075 -0.0258777389216945 -0.0587035856016265 0.00497311628726657
10 0.0571772845257693 0.0487869832487926 0.0862874601310235 0.0475948382319806 0.0644915460889177 0.0263611903737808 0.0105875319694854 0.01757031657286 -0.0106325653779126 0.585500141018188 -0.0105917738659658 0.0116543429315994 0.0051596413391225 0.131357180336276 0.110612258987656 0.0935898150449651 0.0866999986722294 0.122185390952555 0.0796775934791148 0.148150481770842 0.0527206962978509 0.101626025465969 0.103923056404906 0.0804768088841428 0.0798737664866877 0.0776814048817146 0.108134896745904 0.0724804669440008 0.0780874110621507 0.0735401955341569 0.0568423167275872 0.0564257888252475 0.0452779221979025 -0.0901179138378085 -0.0781508933533275 -0.0997680889186848 -0.0600180654150871 -0.0817893767460594 -0.0734824632980724 -0.0691991842676135 -0.0653799367758482 -0.0945870657845014 -0.101468489128988 -0.0773556277946634 -0.0629781977731899 -0.0847747744760582 -0.070396215961161 -0.0649166937574439 -0.0575678458351327 -0.073722659613625 -0.0842527826640231 -0.0707168574622478 -0.0472418936763014 -0.108158751933313 -0.0643986166026549 -0.0550048516532398 -0.072023978249639 -0.0844119575401259 -0.0392585751645061 -0.0764348926711635 -0.0530921106100765 -0.0350160755260365 -0.0425174912387197 -0.0307007967419363 -0.0433178211205272 -0.0464755841727639 -0.0318248698560322 -0.0190706668897176 -0.020137067331842 0.0159965976857215 0.0061092333864636 -0.0103653893337404 -0.0164933962820019 -0.0721623876011922 -0.0377067433397873 -0.0369198613953856 -0.022936820273544 -0.0317103073203946 -0.0561591960750907 -0.0384523746046026 -0.069327693767648 -0.0784121960465337 -0.0241007424750657 -0.0137304430360931 -0.0480375758648073 -0.0731277050566996 -0.0278302700379004 -0.0313524783935806 -0.0477085114061832 -0.0420867519976593 -0.0314728582181715 -0.063790364468064 -0.0346843046896608 -0.0512147733467026 -0.0615432774856903 -0.00153637726351112 -0.0333009343660981 -0.0126575124251025 -0.0383702008612919 -0.0330745349761304 -0.0528311961294902 -0.00121333517615308 -0.0391809323761113 -0.0380938381918677 -0.00739673054143679 0.00501566290645961 -0.0217357918711058 -0.0231114820949493 0.0547363666061344 0.0960276239904482 0.0210196645767547 0.0259915246841424 0.0442019479200868 0.027444890916661
11 0.0110733830080876 -0.000209318063130614 -0.0139086247861457 0.000552835069384775 -0.0256157541139322 0.0211808136667013 -0.0138232398253022 0.0185147310123841 0.0315587125748823 -0.0105917738659658 0.789204024867389 0.00265715610040426 -0.00886478880279994 0.0424154287281959 0.0898158840993331 0.0240468556656343 0.0647617438393463 0.0532441893477275 -0.0275822916880472 0.011091648219604 -0.00442892916674319 0.026457592114127 -0.00313046714645702 -0.00778572858808961 0.0604419872863555 0.0607700105646252 0.0532084558273978 0.0319227260147744 0.0356816734991566 0.0257968312293476 0.0162321703317201 0.0365290878850369 -0.0236058076484285 0.0132994960479464 0.0103152737873867 0.103377220686335 0.0643803264641927 0.0759213924050833 0.0136957866034823 0.0654024132548517 0.0464808883365705 0.068098210239352 0.071855134526949 0.0636403705048736 0.0552880164211432 0.0418634731269191 0.0522232384286754 0.0604128456074858 0.00376703783339281 0.0865883476497936 0.0526012217475198 0.0219303528904865 -0.00175568426292438 0.060295598968286 0.000609308458581697 0.0570594415977312 0.00871039729021273 0.0110212921032173 0.000511318279086355 0.035311209141228 0.0070475949010039 -0.0560795271417731 0.0105049488491048 -0.0289003407889329 0.0580803107805035 -0.02329740122555 0.0121101529403815 -0.00452739914894779 -0.038453970935457 -0.00889281861049132 -0.0375887394061638 0.00678670117973871 0.0108176706427697 -0.000535767424075478 -0.0258497136287451 -0.0553134159477921 0.0314707412259246 0.0160003503887833 -0.0820055158470468 -0.0274086726001824 0.0265731013730471 -0.0577536797247381 0.00624565672276095 0.0390790995831768 0.0516331893256154 0.00232251156144058 -0.0217089903785845 -0.0326173250190059 0.0135410780923298 -0.0119050036288662 0.0209408883277312 0.0364859143822857 0.0458132084498655 0.0404846534630743 0.0653131075671012 0.0443591058113081 0.0977781594152736 0.0276079259668546 0.073826030899877 -0.0293139666532062 0.0256822342134086 -0.0168771412362612 0.062448375012853 0.141682688306712 0.0796318512403938 0.0380767852084954 0.00120199354526281 0.0371421106468095 -0.0170584656845741 -0.0611362356658761 -0.0176877831554508 -0.0275744465335862 -0.0628366943861999 0.0014913623435154
12 0.0436282587558473 0.0328966956148017 0.0274073835620008 0.0505161514109478 0.0322335412229856 -0.00744219922664545 -0.000955582298539853 0.00971107419426539 -0.0127883170740146 0.0116543429315994 0.00265715610040426 0.575871928105035 -0.027693115803286 0.0411640006861565 0.0445913760598413 0.0561684386708072 0.0233626780777556 0.0366703574340911 0.0420627129288478 0.0256603162748924 0.033378654482544 0.0481348157949565 0.0352146973231594 0.0425339951549766 0.0300657659629604 0.015681777385429 0.0543257761548138 0.0321451026543684 0.0486138097413526 0.0305866230086511 0.00727297780533708 0.0209797060988051 0.0118043968892668 -0.0575089762174147 -0.0601597821185798 -0.056459604208324 -0.0537798544271955 -0.0608669086055915 -0.0614734470398512 -0.0384016199728306 -0.0684249880631536 -0.0600725067035573 -0.0353498759958538 -0.0777854752132122 -0.046551766269673 -0.0555172611044075 -0.043107426788498 -0.0175411010610322 -0.100572501025053 -0.061429307211541 -0.0532258504591029 -0.0121962718926394 -0.0562906812334768 -0.014677300447258 -0.0105061865065966 -0.00778282637818622 -0.0205000292199337 0.0324429613363139 -0.047496231299435 -0.0290042214672731 0.0121748936240697 0.0611159179346155 -0.00555291361226512 -0.00116605273341968 -0.00995315222472444 -0.00826945980843304 -0.0157319018362541 0.0407066614155651 0.0130862002323044 0.0170188259510883 0.0675249571465791 -0.0634565149521939 -0.0594062624264879 -0.0810131116199768 -0.0325046079808379 -0.0706113419294405 -0.0664361203095346 -0.0731531818525372 -0.0328067925687775 -0.0622481443437707 -0.0531692989648057 -0.0313992569649617 -0.0704488843954757 -0.0750530300300988 -0.067640672548466 -0.0658949780070026 -0.0601117770260578 -0.0514908125849962 -0.041135828053238 -0.0590958977544917 -0.0277294904169942 -0.0449454378474262 -0.0551336396434309 -0.0414454309714329 -0.0304899003661199 -0.052976205688175 -0.0648640437500273 -0.0248514737199702 -0.0605514671117466 -0.0450845593707403 -0.0340642676736349 0.00217820112221912 -0.0372918816672657 -0.0427063457488205 -0.00652973118674042 -0.00552728329423874 -0.0220518210230797 0.0220425900695991 0.0503172097660081 0.0531564222943779 0.0409628762411339 0.0443766565547277 0.0684923333898749 0.00283309244919237
13 -0.0346308463104644 -0.0233035894622876 0.0131957718030718 -0.0319940706166646 0.0102609840056608 -0.044986342583525 0.00227956626660425 0.00925623052116122 -0.0313899448773777 0.0051596413391225 -0.00886478880279994 -0.027693115803286 0.846166679484635 -0.0134420936670903 -0.0120395621976035 -0.0171960388839448 -0.0301183237276977 -0.0176043906396906 -0.013643764692813 -0.0124622711242329 0.0322045957848533 -0.0254729499535493 0.0308805903495191 0.00985930694969934 -0.0417845166590129 0.0149622009056212 -0.0442662726886388 -0.0461358798106724 -0.00706902480625278 0.0136967256883472 -0.0326903403070692 -0.0416369775834462 -0.0238913559885803 0.0585529272733585 -0.00720969619406459 -0.0112745251670963 -0.0224764331894471 0.0200735943879142 0.0221160213115502 0.0179843003032294 0.0370588731692865 -0.0135684786894556 -0.0241009140705929 0.0160466020268249 0.00211371159481142 -0.0248731047652862 -0.0036472493402157 -0.024306511591071 0.0256283208005643 0.018251582892735 0.00351339522048756 -0.0384282625172797 -0.0070001537207819 0.0226396934466314 0.0283157844543873 -0.0188198178368846 -0.0146789788684254 -0.0849579457217927 0.0300415251614737 0.0146341121075057 -0.00950010787112355 -0.113238651697546 -0.0208033313410659 -0.0417386793675444 -0.0367130061038802 -0.0175974649930245 -0.0150723037892647 -0.0730286008560115 0.0103552519739158 0.0486275031941101 -0.0407801687374721 0.0360206918441083 0.00539490386176296 0.00366712530890824 0.0996738820767644 0.0415894078881284 0.0133621360208935 0.0256684898243164 -0.0415574833954439 0.0418999853968625 -0.0125990674409786 0.00483068787266034 0.0685941536744039 0.0455279028197115 -0.00250800693420074 0.0212412294942384 0.0532336331517638 0.061731305872278 -0.00439944093273175 0.0445330275093021 0.0645121514244407 0.0429358845508982 0.0385209905029383 0.0147732532255031 0.0355961740090634 0.0564409013301238 0.00436863617018152 0.108263258469951 0.00355487407635479 -0.0107473408851672 0.0546153559507841 0.0566352640449557 0.000598412363840592 0.0383212143072869 0.0152708476371373 0.00819079680647293 0.0372619153666437 -0.0143018945968074 -0.0174971137459598 -0.0415171922696266 -0.0493995145874959 -0.0444628245483473 -0.0138063553066668 -0.0245384330538424
14 0.071035625913079 0.0719098816279794 0.117608047962698 0.0597819208735644 0.0667423348304626 0.0673097113605938 0.00436016454199072 0.0111626612931917 0.0311934518935411 0.131357180336276 0.0424154287281959 0.0411640006861565 -0.0134420936670903 0.65101951402852 0.282076614497408 0.196962696251005 0.284542975549239 0.261178698275268 0.174255656682481 0.214172784474088 0.180180621712018 0.211275246308507 0.138768881489871 0.126465099171462 0.208327702916134 0.233742014061618 0.226968242423972 0.239259246643307 0.135398621696647 0.110282998291243 0.0863563210686396 0.060229665996494 0.114481798892578 -0.190208871443706 -0.15773391222761 -0.210859288558411 -0.13621314125549 -0.154741767539082 -0.156949175072479 -0.119747589603645 -0.184306106827219 -0.157755965601609 -0.162517596316938 -0.161795920878456 -0.142404553098729 -0.121426986768572 -0.129918388180305 -0.148677838885599 -0.14885715664663 -0.132716692999691 -0.15139281221448 -0.116877550480691 -0.0837581859635854 -0.0828277719194679 -0.0731800438987634 -0.0917186783423294 -0.0749371158243178 -0.0573487117095752 -0.0284231867248516 -0.055668873315507 -0.0404659722457012 0.000268168078036663 -0.0441043231185516 -0.0566576355721383 -0.0693494822707966 0.0112551009024206 -0.0105029120823384 0.00568344483575109 -0.0287327145808881 -0.00669536896699729 0.0328371298850761 -0.127342349150267 -0.109271650720312 -0.138033814338502 -0.133005790034374 -0.0945750083990709 -0.0855941719209095 -0.139202579703477 -0.17393283061411 -0.0985339365941967 -0.152582781226784 -0.153370314779159 -0.0992319314578781 -0.0986996927673379 -0.0892238081431242 -0.125894445475001 -0.0670589320290885 -0.0621114374330728 -0.111768107077299 -0.0866716249405524 -0.0547824103041415 -0.113683094575991 -0.0378978413400669 -0.00461551285556769 -0.15682728453412 -0.0694270428517834 -0.056630733667832 -0.0388717759496562 -0.0800457276197149 -0.0472811053998649 -0.056855541018395 -0.033452351352203 -0.0217868116308719 0.0363652253665935 0.0152118011637254 0.021530926941592 0.00632580724244906 0.0962291824274644 0.0753706850953795 0.102687803314255 0.0821255423257429 0.04106515971376 0.0831241447955925 0.0793152856774157
15 0.0688316836242054 0.0312126589537073 0.064399842011122 0.0743261286920768 0.108263610757682 0.0393468422573048 -0.0148093878878811 0.0100119167964157 0.0220271502886838 0.110612258987656 0.0898158840993331 0.0445913760598413 -0.0120395621976035 0.282076614497408 0.967087842404122 0.275358100268699 0.428875969729257 0.26534684043226 0.229482191799856 0.182323118705617 0.222884364293705 0.370077307876361 0.223751704480809 0.168455011511955 0.321539819259429 0.301990550881777 0.267764037259392 0.279418791325853 0.112553984455257 0.119548802116777 0.11001911371152 0.0898865302068023 0.163200051601782 -0.200495502318128 -0.2037015642937 -0.2247124263054 -0.162595463615568 -0.157983681788134 -0.178733437958503 -0.176051948645354 -0.223094058596695 -0.208450574850147 -0.190670081821325 -0.123737004001577 -0.184305246195881 -0.152481328034801 -0.13699050079677 -0.159520373790114 -0.183334653160101 -0.117023519503157 -0.177191148843078 -0.174582648761668 -0.209549841181169 -0.0960602838821751 -0.0323840484125139 -0.129372307111641 -0.100280347586228 -0.0722319562618833 -0.0400310892763475 -0.144128625282913 -0.0222675400595423 -0.0197527371974852 -0.0808190898377354 -0.0309839780667821 -0.0323727923172055 -0.0487744092778513 0.0566301143026113 0.022138163520855 0.0499628666182087 -0.0511808816339334 -0.0221238493934305 -0.156183880563699 -0.110705826596993 -0.140666065653186 -0.158070897594228 -0.163903163583605 -0.139763807353886 -0.157420580965302 -0.211162936062571 -0.166417674476121 -0.17631963416954 -0.17694084168533 -0.134865827026687 -0.0871008415973858 -0.110503320826496 -0.119384037875576 -0.110930779513555 -0.15405742558782 -0.12120153108527 -0.0903771018565271 -0.0544776815959904 -0.145183665126862 -0.0272820629818722 -0.045311076105088 -0.145042484504471 -0.0848046010369582 -0.0729840936902988 -0.0411927254263918 -0.0425060212010949 -0.067219313500793 -0.0231770868736439 -0.0126929282861275 -0.0432281303044863 0.0575655652492319 0.0522937632330123 0.0876525751289566 0.0206712355077063 0.075523360151897 0.188437058855742 0.217474068177317 0.246765504687519 0.122967567438401 0.12318916368634 0.135760639751731
16 0.0712070443709422 0.0688783311868633 0.0629154066491804 0.100564778867684 0.0837560421636226 0.043255901321641 0.0303486683130216 0.0283552990918971 -0.00855385008475366 0.0935898150449651 0.0240468556656343 0.0561684386708072 -0.0171960388839448 0.196962696251005 0.275358100268699 0.766069679827494 0.273131889789012 0.201004111244851 0.19029280491109 0.143552077597855 0.19271257040591 0.22707081873397 0.201514318915256 0.129015114523326 0.283284250232853 0.207727479135846 0.219996243844118 0.253228730377995 0.166120268708405 0.0983798106639678 0.0721280175438505 0.0897324570521917 0.151076114686627 -0.21483758326617 -0.260629601977915 -0.240867667297167 -0.184123412047896 -0.193871593089401 -0.231670002608368 -0.205438031782095 -0.217197148310023 -0.175613916571334 -0.186003175274341 -0.201317124680037 -0.175431490557916 -0.152912844848817 -0.168469153454225 -0.16790784463073 -0.154396353990152 -0.158264466372542 -0.171564254668435 -0.138928494842263 -0.118646914706119 -0.0747845968548655 -0.0855566905910672 -0.108198956560133 -0.0406173024196168 -0.0305323954959213 -0.0772852227931138 -0.0822603479229565 0.0200741257159552 0.0390490245943327 -0.0369228214293135 -0.0425943268767064 0.00940154314723487 -0.0207346660878236 0.00333558691153635 0.0356211875099317 0.00214501652390535 0.0278955460202256 0.0519201544064952 -0.166361110069241 -0.153066216088319 -0.194652651581429 -0.186197141534791 -0.134809620017971 -0.121645380043535 -0.203052517901939 -0.167719991768695 -0.169190614834292 -0.165104423866266 -0.169322960734335 -0.128272879103641 -0.135380844523793 -0.114796564315882 -0.143224593433541 -0.120252989023892 -0.0863433326320183 -0.12756952428018 -0.106930882073414 -0.116431128549146 -0.166393374647742 -0.0837140569883299 -0.0410404893719382 -0.141394830584207 -0.112917804365909 -0.0828692758032851 -0.0751071790500676 -0.0969182791765246 -0.108852036847242 0.00850760880045644 -0.024798400797875 -0.0615615414578085 0.0391116260311118 -0.010086159554586 0.0478522545979263 0.012629360130016 0.0617744122123541 0.160217942370449 0.158254827793658 0.149482520434099 0.0712947834862678 0.101587690057351 0.0275925875639064
17 0.0985583387361781 0.0492805882908656 0.0851908165853064 0.084983608789559 0.072723250635624 0.0767714721374522 -0.0130946105621167 0.0273648529239144 0.02232019283375 0.0866999986722294 0.0647617438393463 0.0233626780777556 -0.0301183237276977 0.284542975549239 0.428875969729257 0.273131889789012 0.88152503371752 0.267635028172344 0.205945443917829 0.202056464317613 0.184681614683797 0.319363509775493 0.204594282543874 0.135939920143815 0.344673252867494 0.308703514050125 0.275021280201263 0.326424064880028 0.133007033766315 0.104764112608854 0.0936085705869412 0.0839122405993215 0.147739326361895 -0.230646561840362 -0.20552312736207 -0.239217639409721 -0.186801500291061 -0.162708126599594 -0.176484418898965 -0.171199068011674 -0.214677764707994 -0.206095437452402 -0.147962652828472 -0.173496979416886 -0.187328829774389 -0.134518806529429 -0.131693195691918 -0.137439233102357 -0.130172190230605 -0.148070370478028 -0.188329324382825 -0.152585847109583 -0.129602063590155 -0.113942800102647 -0.103088850931311 -0.138980896258743 -0.113711290524772 -0.0092708446778626 -0.0421253850286498 -0.106659230558617 -0.0678975672817752 0.0201869236672831 -0.0266726825968314 -0.0158108150582559 -0.0214910411198703 -0.0437108689168356 0.0403254508798161 0.0323373485062324 0.0523271005369832 -0.0406426604638318 0.0526984123125741 -0.11330540434743 -0.100962163120794 -0.143556664218099 -0.223330747398099 -0.142001020026281 -0.0701391754113959 -0.159540192870984 -0.169697756260821 -0.121619085558008 -0.177625873593138 -0.162144033889247 -0.0996810191084846 -0.0540930695939776 -0.0471974434783444 -0.108022754980596 -0.0907737986023548 -0.0375722792260074 -0.112773724377742 -0.0950296950204275 -0.055181271659297 -0.100810468606166 -0.100224328028173 -0.0255079299884049 -0.13214357912171 -0.113066104038642 -0.0601604916093068 -0.0425490561625288 -0.0615302496860828 -0.0878783477289739 0.0338913934567558 -0.0589011793970025 -0.0486146656188282 0.056246102124447 -0.0237637532209133 -0.0210843833401882 0.0258591112702264 0.10029781547571 0.159626792197939 0.140177150130076 0.163597555393789 0.131200156697879 0.0739343090286537 0.0938549730195116
18 0.0846382843694346 0.0423841843828157 0.0935809760654153 0.0853011968772541 0.0800345645419518 0.055573186477305 0.0137195582642825 0.00357019888535243 -0.00304859545088502 0.122185390952555 0.0532441893477275 0.0366703574340911 -0.0176043906396906 0.261178698275268 0.26534684043226 0.201004111244851 0.267635028172344 0.762064896157799 0.152641479523865 0.164761170421006 0.173104757090275 0.210680866211664 0.161340925528028 0.108936634902516 0.23984002575403 0.22619542102203 0.185613377301905 0.257739372752729 0.0861892467465682 0.103331436876238 0.0595735384151445 0.069893447273741 0.170598387698669 -0.162778388399553 -0.161121049303493 -0.180114064838439 -0.13283044824682 -0.117369157599486 -0.11607644988564 -0.11281243286907 -0.136068070725203 -0.122051237618059 -0.140274964650525 -0.0739331119348599 -0.128903558367375 -0.140566891925144 -0.128892526414301 -0.0956716290480181 -0.140620126392937 -0.0982540421412026 -0.124489485427622 -0.0902149190558222 -0.134394215080633 -0.121720621247374 -0.116482691671757 -0.0781928349946338 -0.10282339674325 -0.0888312780221783 -0.0401977700402387 -0.0641697851182333 -0.072749084022882 -0.0221966419807087 -0.0570803083431223 -0.0613131439833211 -0.0022370255446915 -0.0374085642205586 -0.0377752756762345 -0.0206814537487712 -0.0013838903905476 -0.0434005740573466 0.0593584550312866 -0.143015067640518 -0.0759038182808657 -0.114292794565391 -0.142657532016113 -0.111240749716909 -0.0782463612283602 -0.111632827259924 -0.125776271126771 -0.094178135391314 -0.127275142492104 -0.118756264396642 -0.0787616390007462 -0.0360876582782404 -0.0556909029310867 -0.10859847449205 -0.0716378444320583 -0.0634289092064716 -0.0265958986552368 -0.0730499959728237 -0.0503509768353286 -0.114454264430795 -0.0722862478785459 -0.063999739840192 -0.130939387047046 -0.0335938314756988 -0.0819370697191055 -0.0236386080125508 -0.0245019503535764 -0.0410997433969849 -0.00732886707444421 -0.0282145375311836 -0.0404333006997438 0.0555561048385388 0.0127029935974427 0.0710134689911291 0.00532403250166291 0.0372029862914483 0.0898045297350211 0.0778157965329906 0.0788994558857616 0.0585311637733442 0.05821714250009 0.00187060064070896
