1 0.340608667696094 0.0339693889865015 0.0266973341610893 0.0513792382048675 0.0464391666262166 0.0431642677966193 0.0276883815871474 0.0108327213137309 0.0120854843281352 0.0360530151309995 -0.000341737437292605 0.0432969229666624 -0.0369074648400847 0.0540827014469734 0.0592807213417426 0.0561068501947179 0.0890823762031747 0.0724914795201248 0.0652573317282474 0.0686876100597117 0.0301103972152671 0.0536461400551091 0.0746377479214984 0.0447029859912726 0.0482677775969552 0.0746058670240468 0.0483726127380003 0.0647314785071681 0.0507781168314067 0.0334102177590852 0.0412689243063192 0.0521635489765219 0.0670403863126461 -0.0627825402577273 -0.0359504673542805 -0.0525290155116884 -0.0299773616232667 -0.0545764450477637 -0.0667256334066241 -0.0296628714279183 -0.0820547513686741 -0.0315347801091963 -0.0390450795716901 -0.0519529102034656 -0.0504885273188706 -0.086248620132008 -0.0529428095309458 -0.0199413819155495 -0.055191126420492 -0.0738735463959248 -0.0619493060362722 -0.0104467189457682 -0.0329871724352329 -0.0515780729529911 -0.0657741865993403 -0.0495491459131022 -0.0350021058204724 0.00640788643260755 -0.0764688974041369 -0.0307105206042096 -0.0313038011453688 0.0352882085772541 -0.0543861956156105 -0.0128050339177521 -0.00239152954716333 -0.02458792299105 0.0275192341973538 0.0281565910385098 0.0124303810308918 0.0033809065529205 0.0401596105599247 -0.0334671308335769 -0.0249536057482166 -0.0556229752461495 -0.0327952518471387 -0.00102558651085908 -0.0283738638984584 -0.0239079511296512 -0.00319224098059189 -0.0520042308534492 -0.0250922841465565 -0.0281975779190308 -0.0557791214728055 -0.0491556658889916 -0.0212517382373899 -0.0456158971949656 -0.0317899983059701 -0.023542574578045 -0.0149864059850946 -0.0274267706777883 -0.0168400155115306 -0.0479699673559639 -0.0732440659707719 -0.0385127369934297 -0.0296736273210462 -0.0366771007993705 -0.0383774724853259 -0.0763882356076284 -0.0274942901521726 -0.0303299323593367 -0.0555900954608639 -0.0192405428617126 -0.0326017222439006 -0.0496929428620672 -0.0156889487725072 0.0031572525738077 -0.00778423754015387 0.0060832035568881 0.0415157893682954 0.0620469805642817 0.0363186706597774 0.0426841529548021 0.039899656293494 0.0181061518650418
2 0.0339693889865015 0.426111405132822 0.00394983460148106 0.0119192864889086 0.0354466385475579 0.00332551092521746 0.0119619546993939 0.00323856283536953 0.0196552816298669 0.013155183463156 -0.0220266878028784 0.0304619089738672 -0.0263850062592295 0.0337896491555145 0.00677002006914343 0.0408986796527854 0.0249843312160672 0.0113854135671424 0.0468254231178978 0.0217744218933897 0.00606294680799768 0.00235447372686319 0.011834969341885 0.0369845281689605 0.00620825476949192 0.0245860728053999 0.0250971746086977 0.0572059058074165 0.0268435729467503 0.0145359686882215 0.0170938839652019 0.0433511182520757 0.0435167060819822 -0.0429600230902458 -0.0455082002976697 -0.0450159488879254 -0.0332529690912622 -0.0453102863108028 -0.0720568420666903 -0.028072734796231 -0.0299133212646763 -0.0418491164690621 -0.0238946267332189 -0.0431485659902765 -0.0224694500628499 -0.0267145845449267 -0.0159961683768364 -0.0121663456067159 -0.0655256884673714 -0.0369687185720204 -0.0541195347956325 0.0228402380302527 -0.0524082062929626 0.00185922509179455 -0.0315710014073668 -0.0193335113413333 -0.00101804206529266 0.0633497702890188 -0.0584658273836859 -0.0335610154777217 0.0247315121398747 0.0462270454875011 -0.00627898364927516 0.00161173071165571 0.0239035236125795 0.0168442664981479 0.0076547222658195 0.00702727899946218 0.0314288391510862 -0.00397692260642732 0.0398824597934664 -0.0473130174098963 -0.0465405677351748 -0.0377854460806943 -0.0578453588171437 -0.0207490802712505 -0.0358540875378474 -0.025635858371985 -0.0176417841461675 -0.0367864765207624 -0.0249881715047639 -0.0237622773805323 -0.0446378993485658 -0.0490750931011573 -0.0473853521922545 -0.0430939706140967 -0.0217940394640039 -0.0178907047839161 -0.0250286517992694 0.00575988883095061 -0.0671273972777671 -0.0287119795268342 -0.0250901175098695 -0.0183975617274416 -0.0505299299982488 -0.0558280634913536 -0.0225678471775829 -0.0403381706759901 -0.0310648319441991 -0.00489423912951296 -0.0152505205099389 -0.0460228250041572 -0.0165204136960148 -0.0356621850075371 -0.044390693722376 0.00328603783609102 -0.0213205998065913 0.00380530583615879 -0.00432599805554473 0.0379598341277381 0.0304998327027065 0.0181280288611744 0.0337023839036921 0.0216573546795451
3 0.0266973341610893 0.00394983460148106 0.377866683745629 0.033083802231847 0.0225532312918259 0.0117867823761939 0.0213120799233368 0.000125768302840987 -0.0173774070694241 0.0339387884366457 -0.042299951249889 0.0263961426897574 0.00986711355153177 0.067183553948481 0.0318951023614886 0.0414364635597238 0.0581989057335657 0.0484025464035295 0.0611442115954462 0.035067471635314 0.0105009502462748 0.0482139128815341 0.0202975319610844 0.0187121142862834 0.0393801002273661 0.0410014086681497 0.0292021352525775 0.0492324829548894 0.0298164285578338 0.0284269808083753 0.020824385693469 0.0214191196171633 0.0266468365659776 -0.0613110751562715 -0.0382638596241788 -0.0457372473531526 -0.025291469422494 -0.0601467361378059 -0.0509287350581194 -0.0699414273787448 -0.0716219524607441 -0.0514241992592311 -0.0184245456059683 -0.0661012623697365 -0.0255879034818586 -0.0794395732007003 -0.0611560690437591 -0.0194696058278117 -0.0531077430672237 -0.0511611493668829 -0.058064455430813 -0.00130033155792688 -0.0457556636024317 -0.031654844157113 -0.0234190609349967 -0.0272704514999869 -0.0276205091376782 -0.00893173923781753 -0.0418242582761975 -0.0601847826686055 -0.0101036880658117 0.0382880615300711 -0.0240097889099319 -0.00102696000753121 -0.0270679118513145 0.0107336071633873 0.00532472723592918 0.0143527404847076 0.0171374683620788 0.025400473775242 0.0131890204474286 -0.0300568406711667 0.00173010206742935 -0.0241468380946476 -0.0168695382473432 -0.0112198114683643 -0.0195548575755174 -0.0146264539153036 -0.000329589714003537 -0.0489696499599997 -0.0335618257900395 -0.0302282202659634 -0.0320369724172495 -0.0569386214755148 -0.0119678263443084 -0.0529745289140338 -0.0283098570943349 0.000864974961608123 -0.0503248560305632 -0.0328922992131164 0.0145996841858552 -0.0417255530628617 -0.0486953162368229 -0.0113881582661277 -0.0533034562539665 -0.0361185862335278 -0.041784269428189 -0.0319987819170961 -0.0560270995213917 -0.0337072202551066 -0.00364083997291278 -0.0315595326663297 -0.04762033655803 -0.0339488998654927 -0.0380659546793678 -0.00443670525875007 -0.0416978897355234 -0.0182343546549683 0.0370953658788094 0.0451770705834266 0.0384450981002077 0.0389128070158197 0.0264346796112807 0.0375845801672127
4 0.0513792382048675 0.0119192864889086 0.033083802231847 0.455631167597503 0.0425833050481359 0.0353652997535101 0.0295610000072216 0.0592818789559028 0.0307635470069359 0.0200229946453407 -0.0154052944544254 0.0513762280597818 -0.0389010527956568 0.0335974320370768 0.0594203299821086 0.0842000264835486 0.0707403794034127 0.0646767392389895 0.0350295752344965 0.0471962818510009 0.0209995855593487 0.0737647299495095 0.0836903290896723 0.0174581300309842 0.0740041312786392 0.0522850354650275 0.0397427379551038 0.0535693020107227 0.0248127172899837 0.037963526352639 0.0199560363475898 0.0445533177189624 0.068377819426083 -0.0731803795696204 -0.0519819286899059 -0.051250862800631 -0.0292912506280334 -0.0494089447672461 -0.0805016876759652 -0.0649639263054634 -0.0691004928344087 -0.0476678265162173 -0.0571046449441102 -0.0616974410173502 -0.0383648232424543 -0.0740518933496311 -0.0592529847541604 -0.0147927546481123 -0.0574456349706211 -0.0695925099815948 -0.0798655052477657 -0.0115351061002292 -0.0503627442525145 -0.0314471423738564 -0.0303581468906567 -0.00709708533147096 -0.0345302617704189 0.033712843271165 -0.0407060613402555 -0.0534843768977188 -0.0307968397231688 0.0279405317913589 -0.023222995340879 0.0052350227535801 0.00930031802881698 -0.0227321437091835 0.0188868637690354 0.0143671552903776 0.0198893914532578 0.0179643743995316 0.00664657681055127 -0.064995826367766 -0.0279427144798545 -0.0522377283932011 -0.0496466639427208 -0.0592508479930754 -0.042579389912381 -0.0230581127331745 -0.0140741717188625 -0.0225432665519119 -0.0547546523652547 -0.0467051982850903 -0.0610206859586455 -0.0570942241174695 -0.0575698444027861 -0.0758069255168881 -0.0463603263091136 -0.0548594718265675 -0.0280646790741668 -0.0358874911197004 -0.013941582573381 -0.0658624590112252 -0.0596702948023334 -0.0511010340785727 -0.0305890942119597 -0.0623276727656472 -0.0576431995639885 -0.0212732244177453 -0.0550612355115937 -0.0204101593914646 -0.0272532150169498 -0.0324479226541824 -0.0189355986209342 -0.0298068069266329 -0.0236785022646367 0.0037726560396085 -0.0160317335810285 0.0402033236910488 0.0675460153875094 0.0475816542608285 0.0359051772252015 0.0418090221135892 0.0133863759884945 0.0161626615890709
5 0.0464391666262166 0.0354466385475579 0.0225532312918259 0.0425833050481359 0.410402617971918 0.0241614338081984 0.00634883660779719 0.0263616241868217 -0.00010570902599953 0.037618908943455 -0.037856915459053 0.026581317137171 0.0112044408671794 0.0533928272886485 0.0972223808355445 0.0662353939189338 0.0565901791412268 0.0690391013457546 0.0803139195607066 0.0488227060452507 0.0622314212033455 0.117639808258193 0.0783826135656936 0.0863718497994282 0.058472653474224 0.0438022001749848 0.0656698177000327 0.0655888807684735 0.0259543259898119 0.0201991422578429 0.0601866569217309 0.0192623776620205 0.0679080607291486 -0.101330737597243 -0.100177205550558 -0.0965512552329791 -0.053939757155792 -0.0795907291847489 -0.113303293008593 -0.0810458746661543 -0.0773659757859042 -0.0864043742390374 -0.078345225507362 -0.0905231359477941 -0.0525392512887791 -0.106216197314046 -0.0565658060223723 -0.0625672813594311 -0.0808191998005696 -0.0815080122974677 -0.083725573538453 -0.0327649057104682 -0.0568173467499392 -0.0552641282339858 -0.0780891305230423 -0.060657180066955 -0.0760129577998065 -0.0435315642125545 -0.0767678072710576 -0.0902653100622356 -0.00760885035022786 0.0171339168634545 -0.0249273143110586 -0.0215316143280818 0.0135098315027892 -0.0289720149274155 -0.000266560269652388 0.022576168144954 -0.00390979599144396 0.00667404521757276 -0.0105240362478081 -0.0556192914404531 -0.00592379437569405 -0.0468050362765684 -0.0557625401749886 -0.0561696896546944 -0.0299809361988976 -0.0548202385920591 -0.039005781797849 -0.0374965697379652 -0.0631318036958652 -0.0344984298250649 -0.0558418654006503 -0.0340215959000802 -0.0426384252513448 -0.0615700573761212 -0.0610401616643359 -0.0651618660000662 -0.0569195864298134 -0.0393837653479211 -0.030892018202013 -0.0812351327489236 -0.0620631461286262 -0.00614634342998968 -0.0539990057930608 -0.0451788032477725 -0.0560623066056097 -0.0498008698117824 -0.00485395890173308 -0.0310369892212551 -0.00371479644061524 -0.0104083931339638 -0.0386302654039726 -0.0518108030881488 -0.0032307601156006 -0.0065366254286485 -0.0480808353445744 -0.0116431282678185 0.103432521769494 0.145791110798372 0.0766272510347294 0.0816940289258645 0.13744955804602 0.0507856116448692
6 0.0431642677966193 0.00332551092521746 0.0117867823761939 0.0353652997535101 0.0241614338081984 0.546853326297114 -1.23274072143163e-05 0.00700496845634215 -0.00586463356002776 0.00475667808192246 0.00768775701902727 -0.00456207098683694 -0.0353751041377536 0.036728673511144 0.0213338424876808 0.0303403190929884 0.064465554006063 0.0352040824122652 0.0356210449611166 0.0503030561122099 0.00742856522724612 0.0341334118056623 0.0380289269925879 0.0195048644565782 0.0278280978817631 0.0241878295674883 0.0361297795240874 0.0427149044484067 0.0294766724261242 0.0399423761237459 0.0438811945738622 0.00603051758201816 0.0603027094329535 -0.0653155670981658 -0.0380498859408127 -0.0342882865269872 -0.011565074717734 -0.0342280319952223 -0.0431266923550998 -0.067311603267893 -0.0137877112538531 -0.0417196499034057 -0.0215038220204202 -0.0398909302077697 -0.0411333168226832 -0.0619495202815834 -0.0446896689470961 0.00234744782073593 -0.0332281820569453 -0.0565349598856655 -0.0423098770049312 -0.0347743025631189 -0.0305876627302242 -0.0513811319749708 -0.0690576161322933 -0.0039711482052575 -0.0269299043690849 -0.00992729721516418 -0.0185324698596008 -0.0206516188660191 -0.00477259507924167 -0.00239904425595282 -0.0284325252988816 0.0101383589020819 -0.0352643382070432 0.00237471576835556 -0.00308692481935899 0.000168103600889201 -0.000573050999882964 0.0129938741319615 -0.0146148623191339 0.00018083022534735 0.000574398900716493 -0.0220369654353631 -0.0282086507828016 -0.0179415344600507 0.00363109930357925 -0.00699873468491997 -0.00489148360697897 -0.0228422930378033 -0.0439085880588714 -0.0436541570930069 0.0010667805599425 -0.0370288142005311 -0.00156303330388907 -0.0328445628005152 -0.0290102374388604 -0.0157027276280214 -0.0499782454414232 -0.00249187693595108 -0.00594931189689174 -0.0408854442540638 -0.0418970115854099 -0.0403027991643517 -0.0546217184644672 -0.0166894394261571 -0.0430346883637975 -0.0295529486782711 -0.0233534324033607 -0.00571769670043163 -0.0272236274390651 -0.0344967282944708 -0.0133415153893075 -0.0343424022470798 0.0153540794078304 0.00723718392395413 -0.0249903816643277 -0.0118978973491401 0.0191553574167486 0.0457283399175512 0.0349786664283108 0.000115949084164285 0.0316032570822893 -0.0159249125527798
7 0.0276883815871474 0.0119619546993939 0.0213120799233368 0.0295610000072216 0.00634883660779719 -1.23274072143163e-05 0.609374945887526 0.0144680676756772 -0.0210413474079613 -0.00356764540718468 -0.0282777008742936 0.00563036044313894 0.000769036936386147 -0.00747760264181889 -0.0146801369838005 0.00763954376907937 -0.0113296312677652 0.0025408646522073 0.00904312159894772 -0.00103554808795397 -0.00316734849076501 0.00408994099927251 0.0176057315463585 0.0138397707925029 0.00912184796057416 -0.00108727043907869 -0.00699995792401273 -0.00288760309443326 0.00464981834767591 -0.00301072364982792 -0.00805995297582398 0.0395169279483459 0.0125451723011075 0.0150579476532648 0.00939735951224333 -0.0218066865417307 -0.00103607945354033 0.00475996807963113 -0.0201632681151442 -0.0153227887956457 -0.022727884798977 -0.0148537009364406 -0.0441853525350128 -0.0134703646407898 -0.0140168933968631 -0.032227652792438 0.00179737206226607 -0.0217088604430424 -0.015846569155458 -0.0130199032872398 -0.0185490059278945 -0.00369025795112361 -0.0207831435941858 -0.0248908229033671 -0.000108213873253323 -0.0704755434285914 0.0168135116833699 0.0399953885309689 -0.0126007713574507 -0.0239506275758426 0.0158777424059807 -0.000956196910778643 -0.00769939129838748 -0.0228640549778605 0.00633270737591781 0.0201283814342392 0.0106643839132304 0.027560567981081 -0.00355707718623742 -0.0340630181486175 -0.00633173710738487 -0.000674772615000378 -0.0199541464373317 -0.0230649996148686 -0.0337066015977528 0.00459056965085784 -0.0235913085033648 -0.0366460216269806 -0.000137380103487355 0.0053727370186346 -0.00217785190020834 0.0177582131524801 -0.0244864862613404 -0.036659350142384 -0.0338779123766914 -0.0187692582231212 -0.0329856885402185 -0.0245589033570771 -0.0134993287137569 -0.0156029093891069 -0.0216726967040368 -0.00556376706944391 -0.0195485561352238 -0.00115398219157337 -0.0456898695284925 0.00666087219263217 -0.032327850946832 -0.0134755532136671 -0.00103083687568268 -0.0124289042879465 0.0109736065183434 -0.0262912101390763 -0.0243659497186549 -0.0410522829428704 -0.00187293042567865 -0.00119557030370163 -0.00393101539884217 0.0127595906912119 0.0166671513962719 0.0104015081174831 -0.00440775432234352 -0.016831447329938 0.0228490724369229 -0.0306347251256577
8 0.0108327213137309 0.00323856283536953 0.000125768302840987 0.0592818789559028 0.0263616241868217 0.00700496845634215 0.0144680676756772 0.801465964030385 -0.0553194099328113 0.00586897920627983 0.0119328856390935 0.0127983058129411 0.00457394267275625 0.00376720421247877 0.0107349335686628 0.0204914983173402 0.0206877524275524 -0.00268576655000317 -9.26143524982081e-05 -0.0151489773751691 -0.0141776149906805 0.0458960537386488 0.0197500768890733 0.0270438537950155 0.0184209846476809 0.0406703035947553 0.00125126120978036 0.0125249022154907 -0.00538018854574104 0.00518904710994481 0.0635683040049155 0.0429593910123182 0.00444941052061697 -0.0463019689398656 -0.0324397205828987 -0.00457957146767255 -0.0149310504134654 -0.069477688162263 -0.0502791384982616 -0.065548804469832 -0.0419691068325808 -0.0367624877139553 -0.046934343180425 -0.0259828802227362 -0.020099619721986 -0.0330356158169772 -0.0551490154841861 -0.0211272224380692 -0.0818640200240587 0.0120587253306353 -0.046041861303265 -0.0387854842793335 -0.0488280816372447 -0.0228300634290229 -0.0625668322788367 -0.0245191095424473 -0.0457072212850626 -0.0985831378579905 -0.0493106272620623 -0.0445329281729107 -0.0499966172967728 -0.115118872342749 0.00431196428550682 -0.00683487527109988 0.0149412861180423 0.00861643250967467 -0.0680399569126808 -0.0358561438256452 0.0166318704434738 0.00285709356502438 -0.0184613351687187 0.0244447348283344 0.0415192875522728 0.0250070208253152 0.0476322822874656 0.041120527293827 0.0914138374376701 0.141414161445587 -0.0040973683353119 0.0537669535665451 -0.0191980486794004 0.00585299713246737 0.0530141744950102 -0.0101066994078393 0.0204872215411186 -0.00310059235689924 0.0748054962158379 0.0620984647501593 -0.0290310804830141 0.00992113687164002 0.0149880650386822 -0.0711168515169295 -0.0347110268276008 -0.0432344088430184 -0.0112436239549852 -0.0533791574443866 -0.0348977703714771 0.0238582694386921 -0.00357857338101963 -0.0109638677507904 -0.0503576804433342 -0.0293736598533894 0.059451839162175 -0.0745728216116918 0.00309843901780833 0.00882331446471535 -0.0979185742806338 -0.0504548133220935 0.0104684952074306 0.0416523930275986 -0.013912998473667 0.0162789807371596 0.0318212549624017 0.0797944634994574
9 0.0120854843281352 0.0196552816298669 -0.0173774070694241 0.0307635470069359 -0.000105709025999531 -0.00586463356002776 -0.0210413474079613 -0.0553194099328113 0.894589443036605 -0.02185311667644 0.0259004439151392 -0.00994232152619673 -0.0382254538369096 0.0430457671880551 0.0225997740011461 -0.0110271476569494 0.020524270667307 -0.00134310972257441 -0.00531786725670695 0.0240595960051074 0.0106956601153639 0.00336237685649276 -0.00264168745943202 -0.0264305524679904 0.0161202311699388 0.00880495088580212 -0.0138619336167545 0.0335133652770186 -0.0126211485776306 0.00590384029635661 0.0114005035399961 -0.00207196626069708 0.00121806302553041 -0.00444341714969958 0.0247553146947362 0.00696154576317339 0.00661650020324055 0.0475585315763726 -0.0428285837802382 0.000188453825137022 0.00977833498654394 -0.00646952129153561 0.0427735458639582 -0.00130079790690413 0.00894760115994298 -0.014408100913347 0.0331311937730883 -0.0212410600533345 -0.0436747864145652 -0.0337588522488526 0.0311808485294678 0.019160234099403 0.0135058116743296 0.0507000541881322 0.0167632402049379 0.0768929822868174 0.0629956696025626 0.164194231996095 -0.0273649674272984 0.0951058873835688 0.0895474515207085 0.12358898022067 0.0273759187484132 -0.0221367010960607 0.0685900677010733 0.02289479475634 0.107738852267673 0.0660304473032429 -0.00240016215339951 -0.0943258557700026 -0.0243854378615367 -0.114265639875511 -0.103331503176536 -0.0789397314077626 -0.0944521516251114 -0.146875650383692 -0.173935737004443 -0.113038811979657 -0.032045911000936 -0.100582004727303 -0.0492438655891544 -0.00824447645252082 -0.175720388343216 -0.0437753183708435 -0.104662362900427 -0.0772195376231672 -0.139392244682325 -0.141100125942302 -0.0201789882748677 -0.0575162687326698 -0.0897898059602852 0.00709960363229999 0.0185212944208697 0.0434363533069727 -0.00677096160475905 -0.0317475058253495 -0.00974898730333696 -0.0382551926425693 0.0150979960467016 0.0501781257752125 0.102356139349383 -0.00198958881009194 -0.00560940174898373 0.00746697088274774 -0.0237334376693672 -0.00303085910924694 -0.0234412174320816 0.0947982634199074 -0.0494723432261389 -0.0226200073036164 -0.0159212483017699 -0.0203717899560077 -0.052584173600439 0.00882982520340799
10 0.0360530151309995 0.013155183463156 0.0339387884366457 0.0200229946453407 0.037618908943455 0.00475667808192246 -0.00356764540718468 0.00586897920627983 -0.02185311667644 0.52342351201502 -0.0409339979226208 0.0094532128952026 -0.00494036062838057 0.0693455790913442 0.0714447324200771 0.065981596809029 0.0414577000710119 0.0676204112859036 0.0347119223981609 0.0798864769787441 0.022532891775755 0.0572112343025119 0.0581329776146627 0.0325983487993561 0.0419402036523447 0.0526264556301013 0.0576575631556679 0.0641725415327279 0.0459015267875653 0.0472310310688251 0.0251289081308196 0.0156762172119049 0.0177935283250224 -0.0569062080644794 -0.0421351526074458 -0.0645589288393404 -0.0360221834876678 -0.0504025811122909 -0.0520005359868908 -0.0472697502153079 -0.0452660864277934 -0.0641603511773144 -0.0771899416659129 -0.0647436628876572 -0.0444160037108403 -0.0724967054892032 -0.0399102736236533 -0.034273417158121 -0.0469195790045673 -0.0606245440713859 -0.0579105122147642 -0.0406759678102228 -0.0243348036299807 -0.0905579510217999 -0.0594005646454982 -0.0418008659887945 -0.04336009722252 -0.0694890609702872 -0.025692477243117 -0.0790116266781824 -0.0458727194935904 -0.000623601539669203 -0.0402560238210752 -0.0198584644615482 -0.0236603084397719 -0.0346793031403771 -0.034616652572885 0.00296582584557717 0.00013106520557575 0.0197754888288716 0.0121795151861227 0.000995935562679839 0.0104706975816118 -0.0372719173843634 -0.00862728346221835 -0.00141011482354828 -0.00347539761888266 0.00131446969745475 -0.0104909815568223 -0.0157229896246503 -0.0370328171750195 -0.046304345809572 -0.00518140057897283 -0.0118635781069724 -0.0395090524624069 -0.0499012114005901 -0.00922124894105911 -0.0158869235369631 -0.0322749730779988 -0.0281469793962697 -0.0170552778519894 -0.073452119579668 -0.0473411611230916 -0.0701798429266419 -0.060765560748253 -0.0311751239222599 -0.0456004071260455 -0.0195378967360119 -0.0442175765161576 -0.0409679231698023 -0.0675600809943102 -0.0177414054616316 -0.0470399123864749 -0.0424509805432382 -0.0199830129994509 0.00218241012451958 -0.0175319960170295 -0.0362810705839686 0.0491341759893501 0.0887547792764222 0.0342369671188688 0.0239156826898066 0.0285926222016208 0.0474481427574086
11 -0.000341737437292605 -0.0220266878028784 -0.042299951249889 -0.0154052944544254 -0.0378569154590531 0.00768775701902727 -0.0282777008742936 0.0119328856390935 0.0259004439151392 -0.0409339979226208 0.769148131828197 -0.00662570885752359 -0.00803179442363195 0.00586341965464388 0.0760070977072762 0.00350936879173221 0.0362393017985077 0.0354504387327728 -0.0438711683380938 -0.0260705264117834 -0.0191754089891317 0.00768420564146912 -0.0161240728843104 -0.0296740814966173 0.0379628574058175 0.0512140812927748 0.0357408365107988 0.0301727724929011 0.00687598590962872 0.00191445939853832 -0.0056494729472208 0.0107818367309475 -0.0313187847600825 0.0301944151877597 0.0272996695958811 0.122307005038804 0.0886084572480168 0.0937814265994913 0.0293942658461165 0.0789064060419585 0.0617153583085234 0.0896565631478053 0.0849069294859761 0.0787770763786537 0.0669078345699214 0.0564951337495045 0.0648332453894639 0.0705289706986155 0.0210362018938323 0.096784074611996 0.072281892122353 0.0404171293178098 0.00283556625647689 0.0800378808867615 0.0139904701167784 0.078406296635955 0.0140379923966133 0.020502053289871 0.0076629811054976 0.0474031229557774 0.0162305362822187 -0.0383044630299286 0.021412375997579 -0.0278305978492624 0.0552556613952569 -0.0140563110203889 0.0169649069888047 -0.00981259190325396 -0.0286296610655814 -0.00959657715878744 -0.0390481469638928 -0.00140550975038671 0.0118055830584237 0.0144373866174928 -0.00939000959387087 -0.0626495323861266 0.0268667344926339 0.026745641040165 -0.0662793667511339 -0.020462968228462 0.0512458030708531 -0.0446017526176181 0.00871086428192054 0.0397238837010153 0.0487975332377287 0.0141691830944967 -0.0198351329894524 -0.0363008764287666 0.0171338045209161 -0.00706750373651128 0.0264871032124365 0.0437503726661689 0.0515564219400325 0.0376991770284899 0.0797226672871634 0.0452045533097193 0.0946343082094451 0.0352666384285064 0.0773482442296349 -0.0343762976640226 0.036721398596783 -0.00876863530450705 0.0465621084098036 0.142523534028199 0.0696165596389955 0.0401724342928121 -0.00518352294239955 0.0283029171741034 -0.0273510948058222 -0.0546567587477219 -0.0232059731872898 -0.0391306167800805 -0.0656612322452635 -0.000180327389144612
12 0.0432969229666624 0.0304619089738672 0.0263961426897574 0.0513762280597818 0.026581317137171 -0.00456207098683694 0.00563036044313894 0.0127983058129411 -0.00994232152619673 0.0094532128952026 -0.00662570885752359 0.553718174462955 -0.0229477700748079 0.0323181920187987 0.0298800320378755 0.0404672833521159 0.00728702144285823 0.0295080099682071 0.0419410982868171 0.0243595225761343 0.0284553786607123 0.037163586353297 0.0253942000894094 0.0353184178736016 0.0128774955469291 -0.00611235032209657 0.0499583893069461 0.0234123147091462 0.0490475820456453 0.0293940493599054 0.0106463775563878 0.0213695554762848 0.00469178170538746 -0.046812696705926 -0.0455454478488051 -0.0435881776587003 -0.0394278765210667 -0.0572583800777294 -0.0541568192972207 -0.032891726526693 -0.0610872511072536 -0.0475683219587914 -0.0257096755402088 -0.0694717918493206 -0.0339080638276953 -0.0483856497086885 -0.0336979222459367 -0.00917354027152328 -0.0912261059877613 -0.0569015436453614 -0.0434476615226001 -0.00484647407332567 -0.0552024274610317 -0.00927780318693454 -0.00478278949575662 -0.00198527498756067 -0.00920050659488342 0.0411939557668466 -0.0385452853735156 -0.0270550170479256 0.0145377123474132 0.0645901018430739 0.00114532290421378 -0.00055813839638344 -0.0126797310271404 -0.00391259686497658 -0.0127536576036911 0.0490183061065525 0.0192284204453145 0.0137138283077221 0.0691584198102929 -0.0567341742115924 -0.0616121763501428 -0.0704036267358267 -0.0388641907261954 -0.0626324228895329 -0.067132298693038 -0.0617678018728981 -0.0203516063292731 -0.0587828012375334 -0.0394477281792594 -0.0282782009145767 -0.0705658300065821 -0.0674216601311872 -0.0708692190883482 -0.0580261312821855 -0.0566782371072742 -0.0609453853627718 -0.0402054439755268 -0.0601168150626293 -0.0345020994891274 -0.039050068377795 -0.0481128389475938 -0.0370735120497186 -0.0214451926128817 -0.0534691449931845 -0.0678440622786122 -0.0278855423529237 -0.0472360252670266 -0.03710966251678 -0.0271566400303831 -0.0051070871943107 -0.0388900957470047 -0.040375294196536 -0.00513288039042042 -0.00456583387778786 -0.0269027498864402 0.0192699179587685 0.0363940769946155 0.0493327571307838 0.0416358947462806 0.0429302128553564 0.0677128356336457 -0.00518517624052823
13 -0.0369074648400847 -0.0263850062592295 0.00986711355153177 -0.0389010527956568 0.0112044408671794 -0.0353751041377536 0.000769036936386147 0.00457394267275625 -0.0382254538369096 -0.00494036062838057 -0.00803179442363195 -0.0229477700748079 0.864531500145768 -0.0141812453531617 -0.0127047488211439 -0.0142790325237456 -0.0290504396910052 -0.0186942693672489 -0.016057404921056 -0.0142119773858727 0.0323370184183933 -0.0226419906956478 0.0329806351287527 0.0101275008373891 -0.0410728228670924 0.0177353087306808 -0.0442597231774038 -0.0476596250597214 -0.0132838331609573 0.00955772403068013 -0.0349715757387024 -0.0381419928063866 -0.0224849484219199 0.0612142419290662 -0.0165803513508095 -0.0199625641664327 -0.0289661173597208 0.0160280470452354 0.0307354759277527 0.0227730405186762 0.0386686761999468 -0.0217689768007876 -0.0256976898116478 0.0194643945529631 0.00114784541626339 -0.0291561497183886 -0.0064921540177231 -0.0225225490221496 0.0160028200391557 0.0158529753680706 -0.00858876056313393 -0.0350869567524164 -0.00432256672627699 0.020066341174004 0.0204478125623001 -0.0241005174787322 -0.00951387706828135 -0.0908394115941148 0.020686771787725 0.0121848424926802 -0.0106270514152635 -0.110296361168156 -0.0136965476841355 -0.0381994968377552 -0.043804895536285 -0.0206464920862412 -0.0163731897407016 -0.0775513676074069 0.0181092063537564 0.0495776649285664 -0.0471867568049961 0.0375954669902259 -0.000893610913720834 0.0066695727772887 0.101791896435031 0.043259094697003 0.0134658060707013 0.0188185061281749 -0.0417169288279498 0.0384036072216389 -0.0198121316973426 0.00488559220955773 0.0694318843426093 0.0382492634817011 -0.0092986240902996 0.0209557609991774 0.0615458373372747 0.0544844578376378 0.00278975201811713 0.0370155833274848 0.0663959353332042 0.0345843178463257 0.0358507730984951 0.012155380825279 0.0386568163413074 0.0563712071512237 0.00623369280182014 0.107172264087962 -0.00671777786298175 -0.017020178600812 0.0525353051778895 0.0601631406595854 -0.0103633214382894 0.0390357652329008 0.0084993826971765 0.0127362977260724 0.0502389854448496 -0.0249621219227245 -0.0145453691211888 -0.0355236481948544 -0.0443087754365271 -0.0410718602251135 -0.0120825991945918 -0.0310028418477761
14 0.0540827014469734 0.0337896491555145 0.067183553948481 0.0335974320370768 0.0533928272886485 0.036728673511144 -0.00747760264181889 0.00376720421247877 0.0430457671880551 0.0693455790913442 0.00586341965464388 0.0323181920187987 -0.0141812453531617 0.608601331164505 0.235584486480861 0.178144198506684 0.239668480648733 0.217870965456867 0.152815441661714 0.143606506411138 0.148015426144764 0.153528368114182 0.100611692439888 0.0880557674623476 0.182649270152236 0.209327716587944 0.18292046835746 0.230007740439848 0.0904869312378218 0.0673015127863776 0.0705219647185649 0.0192036003100644 0.0787572563915174 -0.167988791679726 -0.12095942998545 -0.190355470133838 -0.122361633818793 -0.138236820841988 -0.140955323095614 -0.0986215553324019 -0.172117039798478 -0.124459975596587 -0.13901466902299 -0.150373869224148 -0.129110065199453 -0.113641534491279 -0.108121271578365 -0.123345957470147 -0.142750039015159 -0.129188105026443 -0.13409077568167 -0.10016295588425 -0.0727487505952781 -0.068350601727342 -0.0721871624999189 -0.058485056989924 -0.051314580355153 -0.042437132589558 -0.0252961292028686 -0.0524881304553982 -0.0275346704985523 0.0322410956022129 -0.0421776041388083 -0.0501197603407712 -0.0507353710033008 0.0122639247171707 -0.00708700278890156 0.0238833953928456 -0.0180825201789757 -0.0062229260703356 0.0313744226227211 -0.1211179185195 -0.086193250693212 -0.117748770134025 -0.117982670839531 -0.0668446319892772 -0.0695750953252495 -0.100934764040578 -0.148274350667137 -0.0918656906938946 -0.1289344826081 -0.124355231619149 -0.0910741551759112 -0.0905324036937153 -0.0695741680714586 -0.111128044055134 -0.0534937499088443 -0.0544803190968955 -0.106609599322196 -0.0756070570780459 -0.0439796170906189 -0.11776002078148 -0.0520644408646509 -0.0146751988157437 -0.152409329197819 -0.0955880820485631 -0.0617528082923637 -0.0598470032941888 -0.0928178672414453 -0.0531326610607868 -0.0482933473921453 -0.0391057899801523 -0.0251036703605 0.0367050356900408 0.00356532596277137 -0.00215251219909277 0.00441957451007503 0.0856071998365164 0.0717377458393748 0.120343022474579 0.0914230251332882 0.0535072634961576 0.0679050738349934 0.0908260071253771
15 0.0592807213417426 0.00677002006914343 0.0318951023614886 0.0594203299821086 0.0972223808355445 0.0213338424876808 -0.0146801369838005 0.0107349335686628 0.0225997740011461 0.0714447324200771 0.0760070977072762 0.0298800320378755 -0.0127047488211439 0.235584486480861 0.923539299156369 0.241544369456366 0.391377943772039 0.238823332313263 0.18476539397535 0.128806577195632 0.194340525766619 0.321631055172185 0.208617917909309 0.139761656207217 0.288064943211659 0.278369884926064 0.233111827514565 0.242274253597459 0.0731119072048211 0.088451108345985 0.0982377874558794 0.0560059572135699 0.1356746552701 -0.171408810749166 -0.167441159811561 -0.190034551134502 -0.136383050840839 -0.126209623430067 -0.166186168904523 -0.163652279162032 -0.20040451730479 -0.169124489565903 -0.164574224197932 -0.107285229819174 -0.142446302616398 -0.126717122836806 -0.108406346196199 -0.138511534327915 -0.168596176031983 -0.095086870378125 -0.14599622015006 -0.149724325438738 -0.193063764456415 -0.0815211189357229 -0.0120339984998917 -0.101971630168365 -0.0825946940805041 -0.0511676385728024 -0.0273376583522951 -0.139311171693244 -0.0149157088319524 0.00613212797559845 -0.0694670328942177 -0.0241498406486072 -0.0137513352144589 -0.0428657766078734 0.0598741764856225 0.0345955944302785 0.0516840252740426 -0.0517744153243104 -0.0208992023361144 -0.153938749602352 -0.0938756135210149 -0.116378427692069 -0.139919993088957 -0.136658516325714 -0.128152792483341 -0.132270960470228 -0.186883470575497 -0.140985656197979 -0.158439142086003 -0.162248133425712 -0.125620807017748 -0.0696569803246213 -0.0962677579100615 -0.0989049728803289 -0.10637457896058 -0.147070153941027 -0.110148721916937 -0.0828246005814561 -0.043217176687003 -0.133593658772841 -0.0291277081176022 -0.0459721772388216 -0.136030195809258 -0.0914448234118409 -0.0681837414046213 -0.0547528659572041 -0.0213005168884161 -0.0605051327961578 -0.0185110133474222 -0.0190031939112773 -0.0461174105238872 0.0676342137636751 0.0493110420131536 0.0498302333672696 0.0097565394896158 0.0770165219274798 0.170002671860093 0.198498346436984 0.232655497015417 0.110920249514902 0.100731190985605 0.14135757518025
16 0.0561068501947179 0.0408986796527854 0.0414364635597238 0.0842000264835486 0.0662353939189338 0.0303403190929884 0.00763954376907937 0.0204914983173402 -0.0110271476569494 0.065981596809029 0.00350936879173221 0.0404672833521159 -0.0142790325237456 0.178144198506684 0.241544369456366 0.714395581215501 0.24944263972785 0.190225188020184 0.169545849290464 0.105814190217313 0.165318163212077 0.192842031132555 0.167082868595264 0.120763733466453 0.248201926719285 0.195628223420297 0.199947510539444 0.227657684819094 0.150424307235805 0.0621993951777884 0.0578943409559249 0.0646073627149928 0.128479237812477 -0.194097178702479 -0.229238140479628 -0.217248923092801 -0.14590532333067 -0.163998888364963 -0.211029396975837 -0.193695083480586 -0.201376930582806 -0.147880513623684 -0.159307185524572 -0.181215866932192 -0.171333207654565 -0.163624846352624 -0.155512202236368 -0.149177155522535 -0.136778816844312 -0.143477701975462 -0.145459186723243 -0.105809427528556 -0.0948434827837728 -0.0629604434250063 -0.0651289232033301 -0.0706036039498488 -0.0261525944900827 -0.0124115161523485 -0.0629123105316077 -0.0768265283908184 0.0315778039809416 0.045364979225238 -0.021430527534386 -0.0260536188103393 0.0226420895084413 -0.0072832763395371 0.00756799762309991 0.0590985203664925 0.0182966662144601 0.0200298273473821 0.0532180661424619 -0.150000070043982 -0.137559111622667 -0.174971725579112 -0.188583532340994 -0.11029806374336 -0.110148061576146 -0.17701433875749 -0.160263902238115 -0.152505313057612 -0.16018369367804 -0.145582436172581 -0.139414462828868 -0.120054288941011 -0.112358968083283 -0.13090556061439 -0.118168841939904 -0.0873225677513382 -0.133540536107517 -0.106195138483036 -0.112715373686546 -0.15135659635989 -0.0896890580947077 -0.027342190683064 -0.125981690816751 -0.124324249280806 -0.0797609914667811 -0.0773493627567428 -0.0905889108057076 -0.113614340432223 0.00552612780279497 -0.0447147171423228 -0.045303110621258 0.0427990403095602 0.000499354040192344 0.0365098478889999 0.00912748921351134 0.0649118548144179 0.131399595458232 0.114794622243618 0.140905366937136 0.0922560106358516 0.0988921898012612 0.0412781914387468
17 0.0890823762031747 0.0249843312160672 0.0581989057335657 0.0707403794034127 0.0565901791412268 0.064465554006063 -0.0113296312677652 0.0206877524275524 0.020524270667307 0.0414577000710119 0.0362393017985077 0.00728702144285823 -0.0290504396910052 0.239668480648733 0.391377943772039 0.24944263972785 0.835029837797386 0.239326688478321 0.161940857922212 0.147988996525577 0.159849544817197 0.275697164351302 0.184327792046035 0.107507694133383 0.30268152821572 0.28075563148771 0.239267348867109 0.291665767496572 0.0982695630328418 0.0735568463614813 0.0791439500947483 0.0571933547690575 0.117986186659575 -0.208914810305153 -0.171616118564124 -0.203836847364817 -0.15329821688894 -0.13689870159163 -0.15264648596745 -0.157096594288124 -0.195367583155467 -0.188930171856839 -0.119332628881661 -0.153555116320948 -0.160465579350894 -0.112073836400593 -0.115825358806341 -0.123374668517077 -0.112222824262126 -0.126924789884036 -0.167500096214896 -0.127567913579208 -0.114630487890908 -0.0928069416625095 -0.0857020301910113 -0.109194627326818 -0.0997088687985819 0.0105504853440115 -0.0294613761768711 -0.0939744195637797 -0.0585869267421738 0.0429051215072009 -0.0177497259713475 0.00323647346903721 -0.00215060041248603 -0.0337410724053942 0.0423220472230957 0.0421026450246946 0.0559862560139572 -0.0474721086009182 0.0541445571051712 -0.116843810874056 -0.084357963286912 -0.114863217546732 -0.205126014753906 -0.130492184672188 -0.0638724100505137 -0.131162449875549 -0.13910449865769 -0.110761027214041 -0.151825988478299 -0.137280109074617 -0.0959275411251206 -0.0345633764552049 -0.0395965255262932 -0.0909628038344754 -0.0855071792501535 -0.0362852704576988 -0.0983967202474598 -0.0831304510159452 -0.046321676375029 -0.0863664525289973 -0.0987170445952789 -0.0273932987689061 -0.114079632532963 -0.116877415105616 -0.0725625165842311 -0.0554165097412458 -0.0575987631954915 -0.0810633597837858 0.0371217291862977 -0.0589370212040659 -0.055823712036699 0.0649927836624418 -0.0226072008482199 -0.041413718821616 0.0139317003254806 0.100259715494551 0.143555250741329 0.132864304189007 0.163673376542829 0.13091756471983 0.0574184055321958 0.104101278269698
