1 0.00805417494621621 0.00806082541325754 0.00914004898295324 -0.0106212592539557 0.0060309455129932 -0.0191788461046039 0.0101815213049171 -0.0133636918936959 0.00914307787570045 0.0120788186563012 -0.0152954046377522 0.00842135310500508 0.00412176339633803 -0.0279563561124916 0.00824976355958245 -0.00547135431754964 0.00726945845471377 0.00794752902276838 -0.0189636430341901 -0.00219081731843187 0.00644320895309671 0.000664184196415528 -0.0229793067087103 0.0109074570660524 0.0157238804700575 -0.00103161160261916 -0.000380364892903776 0.00573697764932391 0.00595030080203086 0.00120540456651465 -0.000935037269438322 -0.0231465675636262 -0.0172814860492314 0.0193941507872792 0.00641640127098701 0.00265768120871061 -0.000520904819198796 0.002388724765318 0.006764301785519 0.00515048913578479 0.00681122733147457 0.00759425545351724 0.00794000477778318 0.00642847484524156 0.00781424681584768 0.00928251019156275 0.00512918808718515 0.00743466668145023 0.000248988532901477 0.00790977373931628 0.00421356517713467 0.00669623351442745 0.000120516167770979 0.00539321580371154 -0.0126154988297535 -0.0166104638707799 -0.00967941757257037 -0.0231982618044556 -0.0211284273160322 0.00341253113462631 -0.00816922684927713 -0.00251869472729025 -0.0214504295086361 -0.0109691280323547 -0.0143902592055862 -0.0180614936661696 -0.0170430249149154 -0.0107600233842386 -0.00873137704199723 0.00310708824251112 -0.00371925855148904 -0.0279296689641317 -0.0101903814392399 -0.0145433603102128 0.00850315969520386 0.00100274940627164 0.00186039237007182 -0.00344401479033917 0.00568515836677189 0.00731972339200351 0.0010309669843345 6.90885942643165e-05 0.00349548488560092 -0.0177114859904561 -0.0120110240182038 -0.00162055564348785 -0.0110645295112791 -0.00956765521689219 0.00452510455874938 -0.0228883308506176 -0.014738133128892 -0.0216605302611374 -0.0166297100950026 -0.0273009827674558 -0.0168259964948607 -0.0223421776550071 -0.0228125755843367 -0.0197562616454958 -0.0225087044091902 -0.0220535554689197 -0.00991103920514873 -0.00232560894995821 -0.00889473686122681 -0.0145887888607848 -0.00351062043972297 -0.00888652227570508 0.00809928838690817 0.00640121471494013 -0.00490932581482342 0.00807364007842766 0.00539859142745869 0.0082101841525888
2 0.00806082541325754 0.00812858393642938 0.00924393200083477 -0.0110676072039086 0.00637495849902631 -0.0200939839381297 0.0105183168082716 -0.0103277197764874 0.00913767369139167 0.0114187422289327 -0.0152810681919969 0.00881250300679027 0.00520703516700953 -0.0259923559306174 0.00586852963635658 -0.00686423238192371 0.00461043392587057 0.00672852748974734 -0.0195372941333317 -0.00279770440703925 0.00497581194458616 -0.00122693865622894 -0.0240978653273095 0.00987761023723994 0.0134574272483056 -0.00234452670430752 -0.00126720836245945 0.00396156782259331 0.00666256313855604 -0.000429821872304636 -0.00269822377103704 -0.0232509332740821 -0.0169380246978606 0.01669454353587 0.00622175767731544 0.00249897149508531 -0.000652431546654507 0.00202693019553702 0.00666357302791039 0.0046628958944612 0.00664945160046795 0.00752463623339335 0.00785273255002857 0.00670770290759376 0.00762137063720406 0.00957653279784959 0.00465820414689041 0.00691123551159047 -0.00058773195497383 0.00781965309992527 0.00395670985633855 0.00681430321802771 0.000261480125728844 0.00532483558477785 -0.0124719521417496 -0.0177684897873777 -0.00956757418463955 -0.0248791926182126 -0.0221949731472648 0.00334732559675947 -0.0101674399793996 -0.00363539231720338 -0.0228202178521621 -0.0125302335825034 -0.0157074007652042 -0.0188194262230062 -0.0184028577598556 -0.0128634978358219 -0.0113005078385437 0.00489526084072483 -0.00582145934393859 -0.0292728583579918 -0.011375604776915 -0.01565675861163 0.0108084748023874 0.00304536631331891 0.00369098372419028 -0.00131322329271734 0.00711861508395139 0.00923707580722511 0.00356264627182819 0.00303872134551536 0.00554977483106761 -0.0150359117998293 -0.00885657451167563 0.00110917356338879 -0.0103228731945705 -0.00915812372580361 0.00598855712627474 -0.0199863752636651 -0.0127779236078198 -0.0190100214658642 -0.0142702929884459 -0.0254201475811023 -0.0133310553322035 -0.0203892453978905 -0.0202824674321192 -0.0175090393427346 -0.0208583601001216 -0.0216258167547109 -0.00815272452828601 -0.00179718899271463 -0.00730918771044473 -0.0147320759586016 -0.000385899604039395 -0.00943317944148569 0.00794703308285817 0.0066891196595864 -0.0046767921237484 0.00813219327713257 0.00558019588167421 0.00837888003869946
3 0.00914004898295324 0.00924393200083477 0.241843003622342 -0.0269732979865107 0.00706142014942268 -0.00941845852033531 0.0106611096934325 -0.0136953015917852 -0.0358295655811162 0.00702812631738005 -0.0107023878983078 0.0119936206643964 0.07817331032664 0.0619217184151377 -0.01485653520063 -0.0199936854604985 -0.0636728564565987 -0.0389455895033047 -0.0576115129418961 -0.0194315412649381 -0.00695188740648222 -0.0287614474679955 -0.0322328685726466 -0.0115109957115119 -0.0397203741175579 -0.0144375009260399 -0.0307701704347405 -0.00901354336700753 -0.042266824426613 0.0106855259525745 -0.018883237715181 -0.0398787341172296 -0.0500717234895415 0.0450998044330587 0.00421756947581333 -0.00523065632966017 -0.00617870484888343 -0.00661702207049984 0.00346780925381397 4.16297763766932e-06 0.005808317524763 0.00692331996521374 0.00820692919968711 0.00244429002057126 0.00728454519314875 0.00487665310814356 0.000145904962979792 -0.00139893835855874 -0.0143635279250913 0.00807559436602608 -0.00729012649939211 0.00597869560815943 -0.00622353812385109 0.00400957621131838 -0.0384645292873469 -0.100044793951563 -0.0958730722624486 -0.026429276836161 -0.0445352423119716 -0.0399050613077092 -0.0681382457247158 -0.0185853711103129 -0.044598452542519 -0.0727175618443696 -0.0805150864841561 -0.0557246476956644 -0.0708014008343377 -0.0742014059675829 -0.075630340663155 0.013826170267028 -0.0542694255899579 -0.0933783091767308 -0.106284427647036 -0.0123523529316242 -0.0068228904137538 -0.015434390314412 -0.0133375729290634 -0.0183796952839804 -0.00127969302304339 -0.00919015005683863 -0.0131636360049531 -0.0191505428552336 0.0181798276999887 0.0185726018442415 -0.0421179362631236 -0.022675169923484 -0.0235704470828067 -0.0722832319724691 0.0393524031429674 0.0721425971135189 0.0665747265643899 0.0677976734623114 0.0382413763453725 0.0653013549560005 0.0651469535738936 0.0379396617807734 0.0466898701291756 0.0642174950517537 -0.0541771031716126 0.0371270081344477 0.0338306844171686 0.0313566854495132 0.025713335371475 0.0110303449838142 0.123889668437983 0.0287252902855404 0.00555355659882995 0.00563351415093935 0.045339727647614 0.00938047183026189 0.00577869499268281 0.0101716802331324
4 -0.0106212592539557 -0.0110676072039086 -0.0269732979865107 1.07184168182774 0.013839710985522 0.0903650619256571 0.0289274519893198 0.0464756946597569 -0.00512771360307615 -0.0676769849571375 0.0124632514585373 -0.0164970066662012 0.372355919630561 0.165443383097058 -0.106222900732005 -0.0736475070180447 0.010447684509648 0.360064570871394 -0.1669317253923 -0.00888855077128936 -0.0825443687268283 -0.170327600393773 0.104331659527675 -0.176815361183446 0.0837937216746124 -0.00383355317530724 -0.147424786299772 -0.0986686207158181 0.0608053762922789 0.226795510589281 0.0647310604583897 0.230547504861297 0.0654605152422868 0.0719933776124822 0.00790341511322403 -0.0371185563108968 -0.0287540781614545 0.0125216038574643 -0.0119604933985982 -0.0262691903928736 -0.00591904186750402 0.011478690557939 -0.0088000694269929 -0.0447761162740197 -0.00657733565596708 0.0151666136975162 0.0127590030448153 -0.0325159687509709 0.0360561546910169 -0.00863171341384047 -0.0140451933698935 0.00460267496995503 0.0503805399181046 -0.0031933461318907 -0.137455597956867 -0.14897648615065 -0.0901550153385709 -0.150629371736127 -0.185339306224029 -0.065399980094959 -0.107336000107677 -0.0319639316538688 -0.145724674102139 -0.119012422563157 -0.136281078234187 -0.212302199992493 -0.127977027730495 0.0866211425681599 -0.063105209751316 -0.115621170407117 0.0354010363135508 -0.024151559754307 -0.0983023649157037 -0.0925782902585047 0.201915209318316 0.202630675224398 0.259551457630079 0.302981159281209 0.190107570217195 0.248338267130746 0.0779397273119157 0.185461535508965 0.32455467443064 0.247516558132902 0.128074443278148 0.162150867295149 0.115110554868848 0.0773813580808945 0.0389437091435979 -0.145607447832873 -0.129534640423641 -0.0494223892153329 -0.0841261992317274 -0.00689666431832528 -0.163857331248957 -0.301106892549436 -0.0767544584017671 -0.0583716943764717 -0.0241395384568038 -0.0307612254034991 0.209641233093451 5.53104977991695e-06 0.0402476574767789 -0.0469461617094439 -0.194082048047312 -0.00620138620147321 0.00268192865578015 -0.03147788285521 0.00232788278642549 -0.0110415615995197 -0.0140411870902967 -0.0131108736542168
5 0.0060309455129932 0.00637495849902631 0.00706142014942268 0.013839710985522 0.204866606991316 -0.000585192314208663 0.00792780574092773 0.0665350349575277 -0.0133515249959941 0.00402479258316581 -0.00224599987225881 0.00885920888095 -0.00870328398616205 0.00593402232797728 -0.0178993133316564 -0.0234109116426821 -0.0427337257403208 0.0436725621619147 -0.0462423295842455 -0.0181497876700736 -0.0110046780678353 -0.0290535207241703 -0.0526257831440189 -0.00948199971138225 0.0400655472723739 -0.017280573090412 -0.0258794590507757 -0.0141936914150257 -0.0158613048659714 -0.032928463630183 -0.0184517205681078 0.0336185816655876 -0.0377694428850237 -0.00971522703436644 0.00332330409152188 -0.00287350370747805 -0.00596689814701601 0.0399354833622991 0.00284006629467331 -0.000884667476044182 0.00327354966102481 0.00499549084373931 0.00568066343879195 0.00374126061032912 0.00466937387751771 0.00706935554467387 -0.0017000027478893 0.000386085274956136 -0.0139518354564337 0.00536017366278155 -0.0026300422169553 0.00462873129162911 -0.00607608289755924 0.0023818220726872 0.016171312961708 -0.0186241788616313 -0.000229648544539815 -0.0293043108922605 -0.00133850226306444 -0.0167934329488473 -0.0528413193237936 0.0170998456910627 -0.0168094022116208 -0.015887953594748 -0.0613254269868739 -0.0594601168409202 -0.000887709121268903 -0.0544145179717097 -0.0595143018064673 0.0395168824358006 -0.043489294028779 -0.00820160388976165 -0.0245273176381221 -0.0583404432261723 0.0532447264899187 0.0375002144401803 0.0405094217171314 0.033851807048345 0.0480049918277499 0.0456296512574568 0.043559984981442 0.0603070224657349 0.0567382752211381 0.0360916080356011 0.071433077419058 0.0780762971173351 0.00376926060992367 0.0338786020964069 0.0802145352961394 -0.0354272517087852 -0.0238067474677506 -0.0341826597575201 -0.0327834429988982 -0.03627700779008 -0.0373708169150335 -0.055529461852194 -0.0035109643931562 -0.0329273928127622 -0.0354383579367025 -0.000933730022422177 0.022293784584098 -0.0130897723541659 0.00945218194376433 -0.0476713941667393 -0.00108926097719004 -0.0329423056459056 0.00493660375908115 0.0044013125893181 -0.0110985736202071 0.00659961079206293 0.00385424872476101 0.00732965235512596
6 -0.0191788461046039 -0.0200939839381297 -0.00941845852033531 0.0903650619256571 -0.000585192314208663 0.991098625994209 -0.0552567842678135 0.00247817564289821 -0.0360815827522229 -0.0497337712243197 0.0250001843323742 -0.0281657353606948 0.0841539609097442 0.115767189136455 -0.0434310229862493 0.0338689307456119 0.0834957562990796 -0.0557961365041077 0.166892033246428 0.0251816823584108 0.00639799867793875 0.0958485451081631 0.0484728943448651 -0.103943808941971 0.0883510657761409 0.111121874739843 0.00173156971924353 0.0179471434280483 -0.0110252592799751 0.166211392760032 -0.0605388315164096 0.0395299758509456 0.123242951141467 -0.206034623709288 -0.0282010072201161 -0.0474280076586082 -0.0203004674352973 0.0664244375592817 0.0112926772308732 -0.00871571974604943 -0.0127619583235773 0.00365690472632553 -0.0166493630033696 0.0205233192773102 -0.0137551487660869 -0.0227582330216606 -0.00420525679846841 -0.0730528600639452 0.0403272164827474 -0.0161243827130575 -0.088459445805185 -0.0385975219723443 0.0193536424500753 0.00735732166456078 0.0841162795661709 0.133014534216102 0.110801451250064 -0.0114180533305622 -0.0343530929459809 0.0253804852425098 -0.0881087522908146 0.103132674677157 0.0699687764643405 0.0997041179568255 -0.0993824569737434 0.03245653480563 0.126286351054361 0.172942776517148 0.139033723108869 0.00227078731909268 0.0872828572948944 0.221656867379388 0.0565816145747577 -0.0633939300081942 0.0409959664065748 0.0535479668704547 0.0818448355744556 0.0352144833597257 0.0428037532140868 0.117759685599544 -0.0189159730897483 0.0499877270675598 0.126241465358877 0.239562367189557 0.179077065549339 0.200190246521054 0.0359272179234859 0.00923397117766237 -0.140100731810068 -0.163319143316103 -0.186758861124899 -0.144620637644596 -0.0954725304560299 -0.111327863123798 -0.135434597271369 -0.107648320491055 -0.0858534949954017 -0.127725192933465 -0.0867326516736439 -0.0201935763745859 -0.0504251589495267 -0.0538673060730545 -0.101831439136876 0.0489948713333094 -0.212578361413746 0.0218473344601742 0.015454694863411 -0.0277912003134947 0.000993697986428694 -0.0201555340990156 -0.017449513664608 -0.0226567454504516
7 0.0101815213049171 0.0105183168082716 0.0106611096934325 0.0289274519893198 0.00792780574092773 -0.0552567842678135 0.213556815807476 -0.0319762669820528 -0.00863778642122847 0.00801827799312321 0.0101774575348097 0.0118988060848179 -0.00546490927995411 0.013448769465583 -0.0137238289976767 -0.0206108145835882 -0.0380534355575472 0.0849370742960965 -0.0421855352783969 -0.0144041609916971 -0.00850247048962324 -0.0247284567008813 -0.047720484025383 -0.00583339415218989 -0.018018542649968 -0.0139940970084553 -0.0215963574623652 -0.0112389582278477 0.077445399339547 -0.0287538091023903 -0.0145382885390831 -0.0509453425116262 -0.0331129520233791 -0.00616211381963755 0.00820443307221356 0.00207679750240198 -0.000674216795892984 0.000792725054925146 0.00763833256182053 0.00400830328193537 0.00787816530364339 0.00911772038487403 0.00985415645327159 0.0085729353667021 0.00955756789965059 0.0121867421852019 0.00342697920000072 0.00600599857890809 -0.00800161699901605 0.00988038937241799 0.00366190937745175 0.00909604651806811 -0.00100086653852194 0.00723393097229779 0.0260638909387271 -0.0643089998125793 0.01860285573705 -0.0107646243089406 0.0201172226068805 0.0175622949415106 0.0451104502430078 -0.0534451664965361 0.0049732221993917 0.00377410987776322 0.0304739524486025 0.0355892768309727 -0.0571447520125054 -0.0488222864859512 -0.0535145584072693 -0.0198030519222788 -0.038988601065546 -0.0679067051543866 -0.00423024575660135 0.0106473418830375 0.0562010733802146 0.033119060301906 0.0169233994681985 0.0192673277663673 0.0416988798908376 0.0478582708828613 0.0282380851553064 0.0514240186508364 0.042967498957784 -0.03501590336159 -0.0317331139552649 -0.0127867986987294 -0.0453078612721938 -0.0374003120873013 -0.011073733519827 -0.0297840966651267 -0.0183553448212424 -0.0277140866626925 -0.0271815221104849 -0.0307698369581288 -0.0305383345663144 0.014842413266635 -0.0374559655375784 -0.0270346750037539 -0.0308953272779143 -0.0486323601345181 -0.0416473322073379 -0.00806548717303247 -0.0433932933228041 -0.0419489267923574 0.00195523446260028 -0.0281169671457405 0.00951860070665633 0.0086059797483726 -0.00596270436896522 0.0103990738907702 0.00796782138868833 0.0111073390651402
8 -0.0133636918936959 -0.0103277197764874 -0.0136953015917852 0.0464756946597569 0.0665350349575277 0.00247817564289821 -0.0319762669820528 1.94773438578552 0.0579430707303036 -0.0886022311023888 0.546453845555205 0.0112328583590994 0.488675387926798 0.820618208527584 -0.123214845124977 0.010104980677963 -0.443074946200312 -0.430559201334617 0.0394357759507298 -0.133209696443528 -0.00984011354460598 -0.22339705960637 -0.0184497157697929 0.176517521892962 -0.684860902637664 0.0845758402283854 -0.264788971550077 0.0322538681295142 0.341509550257976 -0.292905712675712 -0.310441878288983 -0.0866080942593542 -0.0220414028106945 -0.626113334734278 -0.055803016576042 -0.0874512612000636 -0.0878519978530223 -0.0882142240263398 0.0268855750363231 -0.0654029558623951 -0.0143807253223214 -0.0427498034520806 -0.0200091418136573 -0.0931869903033917 -0.0264987564372286 0.053918679812813 -0.0541073523327978 -0.0726907430313564 -0.0483264818406576 -0.0202288378836489 -0.102166512463732 -0.044354373541289 -0.0112010239669452 -0.0261578148406694 0.692515939099735 -0.143971331889671 0.141010434454639 -0.456879469214582 -0.319250468785636 0.164346694036795 -0.340706989696938 0.440816768685317 -0.201040675454133 -0.107748573776534 -0.296682288463361 -0.11856297751981 0.0620331433911911 -0.391887231630139 -0.456189639150023 0.166681707653996 -0.384762485766055 -0.0262331566154025 -0.157820086494667 -0.46112485223078 0.73156160864578 0.722079271640556 0.720044901195758 0.785492433398517 0.610020318812033 0.767723061494382 0.9961906988599 1.09515541332481 0.885940766655852 1.11273924602204 1.62500751225406 0.791654011092549 0.0732263996357812 0.731423246631737 0.681948263773211 -0.179692024427018 -0.240083475893591 -0.219103934413249 -0.236835594139159 -0.215486471620145 -0.0748776065126217 -0.420323805954789 -0.334247812356808 -0.0938063035078981 -0.00337190988476416 -0.181185435842149 0.105484445337833 -0.0955221143388891 0.0688691832668962 -0.0995089322888611 -0.305074923248732 -0.37882550564847 -0.0471649537267926 -0.0558344275156002 -0.142772930039427 -0.010152466969553 -0.00989268385601378 -0.00314328536759316
9 0.00914307787570045 0.00913767369139167 -0.0358295655811162 -0.00512771360307615 -0.0133515249959941 -0.0360815827522228 -0.00863778642122847 0.0579430707303036 1.34154650320502 0.0696022594183924 0.165078361012437 0.0150098161314311 0.0298079823243112 0.00582893516559393 -0.0337046378945321 0.00565405807870005 0.136635530298959 0.113820415949856 0.0150189835207691 -0.0452245782923383 -0.0261524615197869 0.0370062584006587 -0.14932185998266 0.0857573319349199 0.355786006644107 0.0407816482188617 -0.128075016298008 0.051676729349873 0.0893352605884617 0.0901098034669325 0.163379393759889 -0.167012020283783 -0.156346189557387 0.33625834690469 -0.0111794658738241 0.0187922248811095 0.0230988036157169 0.036144881568119 0.0433558344055649 0.010537308428759 0.010803386633093 -0.00721693964055899 0.00687611129398637 -0.0297747243344618 0.00480594513551998 -0.0603229504567473 0.0507002979816245 0.0120178708073261 -0.058403251029766 0.00661483704723635 -0.0524962976417981 -0.00948236700493214 0.00646924497006584 -0.0100998998128301 -0.167309708775984 -0.231091736748396 -0.0575537281852052 -0.165388461228517 -0.140872701837607 0.155230107935555 1.33149037278035e-05 -0.0204695679525883 -0.234084589956574 -0.0356943640386132 -0.00240903012690919 -0.136207315077623 -0.0434478714920715 -0.0149203400435848 -0.165822844600491 0.145010001359763 -0.0503330228308494 -0.265106153013554 -0.0650712383514752 -0.0817674858891134 0.236710337417291 0.164293779969527 0.326434050190434 0.260566597839788 0.23620370425388 0.207083614177374 0.0935102690005107 0.187137905244207 0.317139916990113 0.138648764388261 0.0626057170225821 0.151158022888997 0.208197514515453 0.0865763548355704 0.207759097162363 -0.101917744296942 -0.139610013135951 -0.145276253238863 -0.208121646636182 -0.0816640230635313 -0.119816749385363 -0.214711104465406 -0.211536979054902 -0.158242964594019 -0.0612036697680572 -0.196807242936469 -0.00280868026928432 -0.0434076742862142 -0.0325965357130053 0.0105129573490136 -0.198151922020895 -0.09602270341546 0.052401237724255 0.0182574282219202 -0.084167915995338 0.0096907887340827 -0.00539793606757651 0.0115587998634655
10 0.0120788186563012 0.0114187422289327 0.00702812631738005 -0.0676769849571375 0.00402479258316581 -0.0497337712243197 0.00801827799312321 -0.0886022311023889 0.0696022594183924 0.343067713114436 0.0108380017750471 0.00842024804988234 -0.0374148725439005 -0.103279494413639 0.0181326630241052 -0.0306583636060765 0.14451670940224 0.0518042659419043 -0.0731340665837305 -0.0261766132653548 -0.0177193366244827 -0.0113794062183503 -0.0710952722735544 0.0132801872573695 0.171450279839492 0.0259023469332509 -0.0139918613765222 0.0368903355183327 0.120236685237493 -0.00211467763045463 0.092918306322632 -0.0719892619796451 -0.0625578215797998 0.245207535446952 0.0135796018237895 0.00251150740216882 0.00209670875888656 0.00385293603497764 0.0114801893035294 0.00854389204186688 0.0115219665325163 0.0113997257955936 0.0129657475987336 0.0111777753605431 0.0138714987169449 0.0126511364890303 0.00535606586434519 0.00901059359626332 -0.00722264956808028 0.0131080499241713 0.00786088914431454 0.0110878736144553 -0.00140295682671108 0.0111807717839731 -0.0639373811107591 -0.0759119855895197 -0.0781296603047828 -0.0452634227174136 -0.0493456462462814 -0.0367546510237181 -0.0724716720257491 0.0340458289651043 -0.04922749633119 -0.0201322735234132 -0.0316442143444755 -0.0822312694570854 -0.0121746645162537 0.11240349956106 -0.0402903986743803 -0.0585517352471806 0.0617476533237721 -0.0603833731377967 0.033465472299095 0.0595620208239619 0.0195542751605283 -0.0265946252732168 0.0164626634785215 -0.025022510971206 0.0436884516968171 -0.0509994596953295 -0.00746752797390656 -0.0653049834587024 -0.059370323959626 -0.0871403596139704 -0.0935297561203309 -0.0662784849740159 -0.104579215721651 -0.0339041623701969 0.0490201572608607 -0.0634509365126207 -0.0184111308968047 -0.0584416016222015 -0.0507738712959258 -0.016736142281272 -0.0149601261273342 -0.0607503843181309 -0.0463668258894576 -0.0219334527412351 -0.0541535695214718 -0.0883051486309639 -0.0580322770005839 -0.0219592995076625 0.0451127222212397 0.00831246043279206 -0.0217181337842443 -0.0492963330529207 0.0103696015275349 0.00773622308004405 -0.0100918293837078 0.0117902715968025 0.00834708910836301 0.010750220474613
11 -0.0152954046377522 -0.0152810681919969 -0.0107023878983078 0.0124632514585373 -0.00224599987225881 0.0250001843323742 0.0101774575348097 0.546453845555205 0.165078361012437 0.0108380017750471 1.09924014433104 -0.014526663833174 0.195875344589391 0.149690769895929 -0.00969030222472308 -0.0232925329390912 -0.0984354214175372 -0.058153970413984 -0.064398986942547 -0.0312639441932578 -0.0123951972150324 -0.160323117808066 0.0438147500194479 0.152523014424914 -0.244863113477987 0.00848721899468458 -0.186480621519017 -0.0185156512449708 0.24395727549637 -0.164720643903262 -0.0021242759860885 -0.0358298634775278 -0.102186914250843 -0.160708526893069 0.000463517617501685 -0.0666493730293034 -0.0334404671621731 -0.09257630139657 0.0120124624449727 -0.0315008880737357 -0.0126090522701548 0.00178791505821141 -0.0156821804953559 -0.0143274336489575 -0.0159460261333597 -0.0460059429159781 -0.0113327307334863 -0.0924576215118435 -0.027345044701072 -0.0161274302966523 -0.130184908442629 -0.0233341732607572 -0.0209185120073282 -0.0159825160828398 0.206890301769856 0.155019396142835 0.0013273973027375 -0.236924059100759 -0.212334727185039 0.0931407166353937 -0.150332214464941 0.378848176659738 -0.0199903908647552 -0.0864198832967339 -0.206438004524207 -0.0271789833123547 0.0954822947375931 -0.201030626527264 -0.102343987633217 0.101831319166667 -0.143795260189463 0.0135032810108921 -0.0528762902787376 -0.135976176498639 0.304899739222989 0.36242708093175 0.46364691820491 0.465773139845431 0.343971139684676 0.211839140646933 0.412702194025208 0.270795931628145 0.331285080034203 0.447844772317089 0.428397422318819 0.413540729626711 0.303636557990408 0.22602742173177 0.28832062611443 -0.16826638641745 -0.161542928519078 -0.259527088953947 -0.282048742186725 -0.100887232713439 -0.25842334126069 -0.203087396049053 -0.306686642885568 -0.100361584788177 0.00250032231945327 -0.207389262443489 0.111696011589622 -0.0783928620310157 -0.00997079029665493 -0.0629906269616443 -0.328209474205247 -0.10599920090243 -0.0534376972743011 -0.0453406005486847 -0.000771108058652064 -0.0152321525073831 -0.0181187999299923 -0.0151186024319552
12 0.00842135310500508 0.00881250300679027 0.0119936206643964 -0.0164970066662012 0.00885920888095 -0.0281657353606948 0.0118988060848179 0.0112328583590994 0.0150098161314311 0.00842024804988234 -0.014526663833174 0.0121069873286528 0.0169272677025172 -0.0144197180929594 -0.00989625840481998 -0.0177217364145894 -0.00870808793984452 -0.00237452491538257 -0.0242421785646895 -0.00882323296327267 -0.00623657619859379 -0.0177473779196702 -0.0355836939582444 0.00247077333641007 0.00606592290334022 -0.0103873501337675 -0.0106034036669418 -0.00976313805682739 0.0181893369612837 -0.00738393572726695 -0.00882581711703757 -0.0298722395814649 -0.0155792416358156 0.00991105850684542 0.00519431615545077 0.00262725618056377 -0.00191639155255447 -5.3199800131768e-05 0.00577873972042682 0.00177691100822255 0.00505204642197551 0.00734285407660784 0.00741068054378355 0.00776491297473112 0.00634559252540546 0.0127098204962749 0.0013958513278639 0.00496022265168797 -0.00916565308037887 0.00735362479065861 0.00348890078300427 0.0075876101564057 -0.000697707220325424 0.00471466735466147 -0.0101361172527607 -0.0271986238245861 -0.0103302358553568 -0.0380973411247454 -0.0315998033840265 0.00621738151712085 -0.0244146831029416 -0.00724313482531104 -0.0388814817692186 -0.0251885569835663 -0.029401263701096 -0.02849337886221 -0.0274783987878088 -0.0228598383225603 -0.0310589537450528 0.0194224437535123 -0.0198583450416763 -0.0436642070409337 -0.0217209700630403 -0.0220773163518317 0.0310574415148811 0.0221272590905008 0.0211730991667842 0.0157919528637494 0.0215506352906635 0.0288146668142906 0.02222256769312 0.0264502990238323 0.0289448627560611 0.00290317354902619 0.012054203397455 0.027093546989326 -0.0035990095621608 -0.000260936482641865 0.0189455094931698 -0.0013483929215412 0.000600771578258822 6.49313452473347e-05 0.000331891412862045 -0.0126254080195732 0.0078074133087542 -0.0104654447800136 -0.00643974193038574 -0.00295009981716338 -0.0123866014619244 -0.0190429749283638 0.00430727588798265 0.00316749094261143 0.00430741975777173 -0.0151748454266043 0.0189109271115614 -0.0148594324476032 0.00876326871754985 0.00824433516974279 -0.00206201705822246 0.00886330174253607 0.00679611363886676 0.00995204990665318
13 0.00412176339633803 0.00520703516700953 0.07817331032664 0.372355919630561 -0.00870328398616205 0.0841539609097442 -0.00546490927995411 0.488675387926798 0.0298079823243112 -0.0374148725439005 0.195875344589391 0.0169272677025172 2.21898152127724 0.260473905238772 -0.127705077685465 -0.0362273468210446 0.0819158607008167 -0.00526017848923009 -0.168745042989057 0.0776863536142214 0.00501487237880246 -0.135198388987814 -0.0522240155976451 -0.138296761541 0.232850545995471 -0.113802378714654 -0.202693830043398 -0.0206301291295857 0.607713686152993 0.203680717510505 -0.0248481682342103 -0.176524608612343 -0.0493406615841728 0.210448134184786 -0.017792222262398 -0.0396689896380155 -0.0580818066467125 -0.0821172996476451 -0.0298603448694438 -0.040551921340073 -0.00882317762798988 -0.0102792875321228 -4.04745090319937e-05 -0.0429352385734853 -0.00314289593550104 -0.0513270055277204 -0.0420695461656556 0.0940220197172033 0.0402177284372194 0.000438768197520042 -0.0441153016932746 -0.0110354398225328 -0.029527373777356 -0.0154424245351019 0.0894859629865359 -0.0848064106637531 -0.142707898425188 -0.265287379536755 -0.517260616191431 0.0643202514734623 -0.411067904392335 0.137332678862764 -0.388207115187324 -0.219966666971259 -0.34064300844858 -0.391090478897129 -0.186839269719956 -0.193623949158743 -0.252791631913709 0.548470636055713 -0.291396184968343 -0.20685305669278 -0.360471900216064 -0.401643070906593 0.504227530500057 0.499579534653173 0.544312139955427 0.44784927287657 0.450598554108358 0.507428368886654 0.345168322008083 0.568418049678663 0.68818493862903 0.603770579949062 0.578191729075165 0.597135936006799 0.274527840480931 0.323682670596941 0.587399076325758 -0.00497184735740305 -0.0747475950478839 -0.0546700620339177 -0.229406199441665 -0.071230204709927 -0.192646650507569 -0.291485861200869 -0.137339271670697 -0.138369769799558 -0.169707710471878 -0.221886753162891 0.419157172727506 0.0767189307580652 0.0655529716666692 -0.17019449942059 -0.203237032232564 -0.0883704250880217 -0.028832255671488 -0.0175521907363662 -0.087712494110746 0.0054069735947574 -0.00609217378352303 0.00919064093635576
14 -0.0279563561124916 -0.0259923559306174 0.0619217184151377 0.165443383097058 0.00593402232797728 0.115767189136455 0.013448769465583 0.820618208527584 0.00582893516559393 -0.103279494413639 0.149690769895929 -0.0144197180929594 0.260473905238772 1.33279911597762 -0.0635023215529922 0.00676018042363647 -0.452380490514283 -0.269940641824012 0.15452404473528 0.0743370021871515 -0.0181697115086508 -0.257689659645805 0.0230519420374923 -0.138047565780217 -0.553517824461673 0.0548518212013307 -0.299395041745301 -0.0388167456398445 0.0050847057027459 -0.150140996617967 -0.237118336952904 0.0638181742288166 0.215862372801883 -0.539285205135967 -0.0587430556156353 0.0268512605142947 0.00759637380831779 -0.0154468621408744 -0.0102145018252812 -0.0544986370975706 -0.0444485385421911 -0.0523012365358571 -0.0316673678553593 -0.0922172992606111 -0.0343324846612589 -0.0139388559427931 -0.0320338717148789 -0.0619466090951972 -0.0436422039578107 -0.0308930016571804 -0.0265605702741121 -0.0046964542924338 0.002568672376721 -0.0157344877968287 0.263005248177298 -0.371733917778899 0.0669745589765014 -0.111532433591928 0.00311097244754353 -0.125741635447478 -0.187472477768142 0.158304873264607 -0.0671062483168582 -0.126787410806987 -0.225293374739211 -0.100798072704293 -0.127015760975279 -0.274799732532625 -0.387544235572282 -0.0379851993222096 -0.40119652879164 0.016137676284713 -0.103951768920411 -0.258732639354979 0.252493743647827 0.299465651828247 0.225236543988584 0.414802167090327 0.2653607395634 0.281020797712956 0.50657618031255 0.53949514199889 0.441062412193212 0.639408513956695 0.735089871648708 0.298756903366559 -0.0622307466433157 0.322647991932807 0.243338774628413 0.190583086287413 0.0787166638482231 0.198776271312028 0.0924971160614635 0.147187839259277 0.206051605126611 -0.0494973506742196 0.103585963211946 0.181388843283659 0.172254808239298 0.124512802900118 0.194082967531006 -0.0188223594431864 -0.0341133928155895 -0.0644693539584894 0.229350869556928 -0.101238726418645 -0.018961355237532 0.0189588720347192 -0.00341011848994719 -0.026176879503175 -0.0258253580350647 -0.0226367293588249
15 0.00824976355958245 0.00586852963635658 -0.01485653520063 -0.106222900732005 -0.0178993133316564 -0.0434310229862493 -0.0137238289976767 -0.123214845124977 -0.0337046378945321 0.0181326630241052 -0.00969030222472308 -0.00989625840481998 -0.127705077685465 -0.0635023215529922 1.03259288314088 0.298112326428754 -0.0295961248831238 -0.049244114166897 -0.00963449278458539 0.11777118916034 0.391523906338557 0.0514554328810799 0.119425471653032 0.109218223995954 -0.0470455748124938 0.194748768547586 -0.0341630555893646 0.407703168825202 -0.118102352055214 0.0754747862651349 -0.10379458642556 -0.0342248265350356 0.116334168653798 -0.0433771385769481 0.0213949383088484 -0.00999323926337273 -0.00206624849435748 -0.000425050140480987 0.0119104379780186 0.0344925497777488 0.0133946678668394 0.00797183576180404 0.0131493831525563 0.00919773460079116 0.0181539884781497 0.00386949749626029 0.0212372614516847 0.0236515303810723 0.0241207001995433 0.0132853067459286 0.00674145966115826 0.00729386338953202 -0.0170351577076985 0.014470753275351 -0.0366939556479682 0.00848792062409246 -0.014078347706406 0.0132722809810102 0.0745936213341162 -0.00808276972613891 0.0617815478050323 -0.0639319982101361 0.0685217963996657 0.058109793570226 0.0907658711611361 0.0979279015312515 0.0895129050445551 -0.00576837201416565 0.00238774293022397 -0.102240920227932 -0.0676468148935851 0.0896351643180215 0.0310092615869918 0.0144645263494748 -0.137099573775442 -0.14180756397279 -0.185484787933864 -0.141354466499967 -0.08006916899714 -0.124556385379791 -0.0896712243638941 -0.0748624830297694 -0.136144580986598 -0.182464429186936 -0.15518329314385 -0.204390718300783 -0.0855865229419772 -0.0764028571990622 -0.0837752731128392 -0.152812493330321 -0.131673073107893 -0.1393070257646 -0.160292222457031 -0.114803059240631 -0.194124152181542 -0.036009757803129 -0.138946534392 -0.0937194864113296 -0.0168342095297677 -0.0438229083116855 -0.125356858183479 -0.051859789490066 -0.0949003803116175 -0.0213764772197621 -0.106916009491868 -0.0686761695033475 0.00174846467375611 -0.00420656247013176 -0.038330655053383 0.00576401250334141 0.00139760733970758 0.000937159304196924
16 -0.00547135431754964 -0.00686423238192371 -0.0199936854604985 -0.0736475070180447 -0.0234109116426821 0.0338689307456119 -0.0206108145835882 0.010104980677963 0.00565405807870005 -0.0306583636060765 -0.0232925329390912 -0.0177217364145894 -0.0362273468210446 0.00676018042363647 0.298112326428754 1.0845431982207 -0.100571104712691 -0.0983903648211776 -0.167972346451365 0.260981551444478 0.687882229517878 0.189664256780342 -0.103040622762988 0.127097117123849 -0.0562905901186918 0.274537069911244 -0.0266770526391565 0.616995338688307 0.0178922432822649 -0.122974377794356 -0.0896368356068183 0.0301113300399424 -0.0142265316954533 -0.0520740378727059 0.0044191859393186 0.0365662321974113 0.0307641003563282 -0.0116040419934607 -0.00249002995077943 -0.00615727067781756 -0.00279330259970146 -0.00526901565954889 -0.00258392028640468 -0.00244473548517229 0.00131464136162851 -0.00438654634420396 0.0283803555485138 -0.00688883712116381 -0.00581690637701884 -0.00250063021705399 -0.0030541054653482 -0.00584766539847142 0.0357574610591477 -0.00137017784439502 -0.0453266630861859 0.00655046153622345 -0.0868125256733545 -0.0512216348325343 -0.0505709873036941 -0.0394085998683779 -0.155553972372122 -0.0494617292852449 -0.0122673147431266 -0.036237156253899 -0.025646852956012 -0.0171948755906223 -0.0908348153042787 -0.0718682173403654 -0.185268741144205 -0.0184212954715677 -0.0420180164033507 0.0333519156733995 -0.0157345929826387 -0.0549201390224047 -0.092371259340665 -0.0474705506215204 -0.0755267817023893 -0.033739206430861 0.0036812807876247 -0.0114809272888327 0.00901228894295483 -0.0877604682691693 -0.118501088390757 0.00510873548066813 0.0310550938169171 -0.0296274999474622 -0.00252033969770832 0.00200736585815247 0.0506159700486042 -0.0209742230631248 -0.017511738612411 -0.0389467204119707 -0.0793528164381325 -0.0358891669406229 -0.0752730470407195 -0.0930361135876395 -0.0704331299035115 -0.0137698513888192 0.0441319052834981 -0.080379029240191 -0.0053837025412563 -0.00785798266213241 -0.0577446304428713 0.0757840841500893 0.0280065014386863 0.145798236690522 -0.0089872401912371 -0.0138720043953329 0.0264366602570249 -0.00736433115580088 -0.0103827940820699 -0.0106535972220135
17 0.00726945845471377 0.00461043392587057 -0.0636728564565987 0.010447684509648 -0.0427337257403208 0.0834957562990796 -0.0380534355575472 -0.443074946200312 0.136635530298959 0.14451670940224 -0.0984354214175372 -0.00870808793984452 0.0819158607008167 -0.452380490514283 -0.0295961248831238 -0.100571104712691 1.73482277990305 0.313387079740533 -0.07090065829528 -0.0672315908903813 0.0261519207945338 0.151024897635063 -0.0199673185840021 -0.11400523672746 0.804216363925071 -0.0885390657631264 -0.00222352147526702 -0.126445692436762 0.25391403216374 0.595211797419662 0.520841896800923 -0.241545778718307 0.0684761584347045 0.802783874293057 0.00521524326543569 0.00658512469824319 -0.0596813803833872 0.073461869708579 0.0384606902553619 -0.0114110968117604 0.0253042074046458 -0.00789989182478864 0.0108788014440579 0.0467752880683394 0.0147345327150903 -0.0463146178919796 0.0304864300452773 0.116270769419409 0.0495700075431571 0.0114027674561822 0.116884681179299 -0.00945295215647153 -0.0928241013514438 -0.00100373982938061 -0.266660711684341 0.221762453180645 0.097472356468982 0.225716234212184 0.10222068098269 0.195306363819974 0.147035824029443 0.174147548105056 0.115841933828267 0.127148634996917 0.140588476042744 0.130029599124992 0.158298266757935 0.390070769675475 0.415461234594686 0.192143249054576 0.292568681248035 0.1549184570844 0.178880578080138 0.135497700459291 -0.0338544261383482 -0.127739903961223 -0.0412734935578326 -0.1256970879069 -0.00672100292015015 -0.0370278131625648 -0.425117713763148 -0.269635322504764 -0.103175034045046 -0.354968129387741 -0.265506854074442 -0.089784869844539 0.0467435207590781 -0.0293720455709278 -0.242306084954179 -0.339119083799091 -0.259271179415395 -0.3925964320502 -0.327129366124807 -0.218681600015139 -0.228689514507832 -0.238321707048135 -0.260625881176769 -0.307100406047803 -0.33752528631391 -0.13937233010015 -0.186157576504135 0.0323703872702972 -0.0407006487850612 -0.174463216395534 -0.295041702319136 0.134084647667074 0.0161482274021905 -0.0332729990159119 -0.00878994947815446 0.00466894626255192 -0.010325303860487 0.00033271934076
18 0.00794752902276838 0.00672852748974734 -0.0389455895033047 0.360064570871394 0.0436725621619147 -0.0557961365041077 0.0849370742960965 -0.430559201334617 0.113820415949856 0.0518042659419043 -0.0581539704139841 -0.00237452491538257 -0.00526017848923009 -0.269940641824012 -0.049244114166897 -0.0983903648211776 0.313387079740533 1.57479648081826 -0.026240185339242 0.0818767568238742 -0.130873126071408 -0.0364875033755507 0.115252592917184 0.118609766482725 0.645462275541828 -0.0562569562219052 -0.142138374288854 -0.136142904115884 0.242812960205825 0.0856069677671598 0.354226124919579 0.250985414914903 -0.323735627934434 0.654827840176569 0.00650206006930116 0.00182941129192377 -0.00267321554568148 0.00813749338616806 0.0300428295744142 0.00470385179449734 0.0202316697517569 -0.00200949389940049 0.0106507887653913 -0.0244868216483691 0.0135115173402709 -0.0182249621712467 0.00117300641162517 -0.00108560257552246 -0.0488155759040082 0.010319369530288 0.0591710374559727 -0.00383789316127648 0.0962284337707502 0.00149912451640144 -0.369862706739901 -0.192603673401124 -0.299752982351998 -0.149899156438982 -0.057334232807975 -0.218795345256631 -0.133708796153987 -0.165932329557622 -0.239888651357629 -0.109714579543566 -0.106166769660559 -0.252745015472031 -0.257163485399787 0.0255200518795987 -0.15542496428412 -0.0776532000632502 -0.0785053269184785 -0.209418079206974 -0.13678505594147 -0.0781499100559512 0.0444411093132467 -0.00466615249688769 0.12359638395072 0.0853474070805343 0.122356150906798 0.0131670640741888 -0.213641424313519 -0.331047323182815 -0.0155978815696098 -0.334126291851383 -0.455349700191285 -0.184550965187873 0.0345139224897043 -0.133942407131028 0.0169602994417459 0.0722913102188757 0.0478432215317492 -0.0411107180782223 0.0200296595790409 0.0291996623811764 -0.102573331062554 -0.173463085559383 -0.120651430921543 -0.0700248141245888 0.0985448951594684 -0.109774497851712 0.178367974440482 -0.0872682380292356 0.127781864567314 -0.00933043783679515 0.0143975757825828 -0.0167874142400043 -0.00411954040513847 0.0460683576154721 -0.0368093820543363 0.00634435752296416 -0.00427152700115616 0.00368667979673892
