1 0.0180122811581689 0.00653600722914357 0.00420094172351883 -0.0262999515634233 0.00450272343113385 -0.0292235220357301 0.00855646758560399 -0.0171870952899769 0.00575750863435554 0.00981177560355544 -0.0289157156497861 0.00721655398832777 -0.0121616748769913 -0.0276620484279916 0.00340530497288571 -0.00891570921029513 -0.0130638141077112 -0.00158814828663724 -0.0271041509127605 -0.00398557071292665 0.00300338096712022 0.000564886193882542 -0.0237492601931331 0.0133427069374311 -0.001880878337973 -0.00449680972006187 -0.00593790273692455 0.00223092764488589 -0.00933931093204318 -0.0199784225201757 -0.00517109696990122 -0.0229948029071295 -0.0290845334685449 0.00683861304435465 0.0169701669082125 0.00917588990748476 0.00991216325409137 0.00372134639931004 0.0104656615481868 0.00396784101863888 0.00556788634939792 0.0152055059310696 0.0165001634172185 0.00250602103326848 0.0139772117299047 0.0163242776650876 0.0185199732988749 0.0146274966497714 0.00185619414448199 0.00621948814493156 0.0115838000855187 0.00602539818541945 0.00149188609290015 0.0155011391995904 -0.0250714392742119 -0.0331564747844402 -0.0235167126499153 -0.0378683705677611 -0.0279543230036446 -0.0161441357356764 -0.0103309576294312 -0.0192668507303299 -0.0300772819445169 -0.0176089832165706 -0.0210839713718276 -0.0214578168312024 -0.0211597005538424 -0.0154317920081144 -0.0189136040707554 0.00676894145910286 -0.0127063114253566 -0.0273780208486686 -0.0215040369426714 -0.0215867599163142 -0.0160469541349237 -0.0217296809952365 -0.0213721171113224 -0.0217236050402333 -0.0190784040986507 -0.0116516080516314 -0.017446213781374 -0.0152137986157322 -0.0173091067128125 -0.027162027681725 -0.0241422836645107 -0.0175230030789187 -0.0296607579867403 -0.0242035122829347 -0.000306656492040819 -0.0169269257462662 -0.00537976281308116 -0.0135106349290132 -0.000155518242918283 -0.0111589846632766 -0.0012552907985156 -0.0109364715706196 -0.0163939994268441 -0.00333366004033725 -0.0159557507389481 -0.0230714418900922 -0.0118625650121999 0.00327915630707308 -0.0101719456069537 -0.0044393203949229 -0.00275024952187382 -0.0108726815460358 0.0114555767697533 0.00887291753938897 0.0079228016275882 0.0155823573214269 0.0052102477592106 0.0151793181002066
2 0.00653600722914357 0.0730050002435279 0.00436788290669417 -0.00559596490486828 0.00546390340396452 -0.0400455669628068 0.00947656104961566 -0.0376413634778432 -0.000553552819660196 0.0100309070941417 -0.0587108829702469 0.00860490008970688 -0.0159682220248782 -0.0373885062422676 -0.00154262276394909 -0.0115797924747066 -0.0241880108006235 0.0518271655627815 -0.0337411419284147 -0.00590221449564896 0.000380339221074584 -0.00430585471270508 0.050248397291979 0.00935435360935421 -0.00919479589647186 -0.00718471306611611 -0.0113562838680282 -0.000754110661835599 -0.0151684914636513 -0.0276692606061078 -0.00719089300647228 0.0218001678788557 -0.0347674406054038 0.00186019400048645 0.0386109777044259 -0.00223959168573027 -0.00434858144490533 0.0406420645025823 0.00321222866740776 0.00336378561517298 0.00614379293515685 0.00569921825606397 0.00641518368062395 0.00247404871023324 0.0566066326017665 0.0425093931637315 0.0510466046840498 0.00236513599405172 -0.00903927362658213 0.00676507988677543 0.0360971023387705 0.00649377192253177 0.00127802790213998 0.00175451910826974 -0.0402832562028251 -0.0477529454856253 -0.0410837960031014 -0.0531859048796514 -0.0413165511739235 -0.0344961149606648 -0.020747617357768 -0.0349101970389468 -0.0423231604154068 -0.0308636023194517 -0.0324345517519537 -0.0308185340053099 -0.0336590979806089 -0.0348357519504476 -0.0310605583230218 -0.0205084464030839 -0.020342374415261 -0.0502026383938129 -0.0376421618473298 -0.0328443923599965 -0.0295668170791184 -0.0352812187208378 -0.0343331772263069 -0.0340280214910518 -0.00375970847662556 -0.0236669898925053 -0.0293901873575485 0.00556701845358781 -0.0281114469621486 -0.0355090458944494 -0.0330670943727472 -0.0244324986578904 -0.0415691224066158 -0.0340028039193594 -0.0161280832712661 0.00522187760618225 -0.0141549401353936 0.00557655582952321 -0.0126329759760109 -0.0214081239971955 -0.0176965613389229 0.00362941181826994 0.00530106005502112 -0.0165271697312531 0.0157248180411316 -0.032531307944982 -0.0321420685726126 -0.00759393091391363 0.018306535966192 -0.0211700782965268 -0.00259048871038785 -0.0167273360935377 0.00331330272213653 0.00819239494078007 -0.0066533689629428 0.0153522638191064 0.00495361428753104 -0.00221394954160501
3 0.00420094172351883 0.00436788290669417 0.287089889849753 -0.0353896518850015 0.00391811813847374 -0.0455839974116588 0.00749388302650917 -0.0610925903658858 -0.0421821143981647 0.00657423594135075 -0.0139196476131924 0.00968388314021162 0.0598572974756335 0.0775948241787998 -0.0235569420812033 -0.0262105887913498 -0.0813067046709075 -0.046788825614068 -0.071893994328365 -0.0207747063303773 -0.0129377650813797 -0.0294730600323903 -0.0666796501550577 -0.0139154121803243 -0.0138509452018761 -0.0205360007647635 -0.0429091781162541 -0.0151004710745628 -0.00390788728555429 -0.0110921179165846 -0.0185504712502696 -0.0371389471467597 0.00236881644053252 0.0413521202062295 0.00855247138968083 -0.000273646568762242 -0.000955293683221473 0.0310862338854019 0.0474255282940505 0.00676494190871784 0.00207152999019336 0.00158317690130708 0.0032775299298171 0.0388270572611198 0.000932706299468018 -0.00438270573952975 0.00386164760004927 0.000150824344734206 0.0075541151844835 0.0133528245596995 0.0260954096082814 0.0141100010681128 0.00557882431656444 0.0110127067914293 -0.0833494116855638 -0.112848824655757 -0.0971932983921789 -0.0494732960475451 -0.0594107036064845 -0.0368879997464991 -0.0742811729976693 -0.0304868242893807 -0.0626424681221459 -0.0679664719466106 -0.0937590566268611 -0.0748068270575635 -0.100745175800021 -0.0905460042022387 -0.0826347034857189 -0.00743293587817171 -0.0614538852068832 -0.114618946304266 -0.0988184737161759 -0.0249151712632999 -0.0128217696804223 -0.01461659387053 -0.00698694670824319 -0.00464459398579242 0.00229728895587087 -0.00709529870081296 -0.0188243578788236 -0.00677071178080112 0.0173218780778294 0.0279256434109062 -0.0961952985225541 -0.0172524766585536 -0.017793299453651 -0.0918752983463203 0.0465755269772745 0.103267178945607 0.0939312964535531 0.0863720030836287 0.0287476491529847 0.0982430613291095 0.106499063335465 0.0690617681775694 0.0926497657242478 0.0996692955837616 -0.0482804723987926 0.0757559996961761 0.0321954108519924 0.0230902369826801 0.0123098809064785 -0.0136789363104263 0.120888125469054 0.0363705905878677 -0.0108497642813565 -0.00234576450458347 0.0740580003937967 0.00743788303729487 -0.00328564621505488 -0.010353646360401
4 -0.0262999515634233 -0.00559596490486828 -0.0353896518850015 1.12351800779626 0.00690308641441578 0.183421244939325 0.0221103949987928 0.243998396820443 0.0108496263168525 -0.0542629514831566 0.192920127536702 -0.0299153497482698 0.299073853551797 0.163090531714941 -0.0710541424827679 -0.0567550299991857 -0.0136226397250982 0.338948950831757 -0.0874722801644475 0.0108268423146671 -0.0680783441249478 -0.138508182949112 0.159845567093593 -0.156987908006366 -0.00687101243558561 0.012113943198287 -0.125062604149011 -0.0828910233160364 0.0879991210663641 0.201172456360046 -0.0100420224785355 0.263086903577731 0.0949849580697388 -0.0722506636170649 -0.0224106996705668 -0.0519325609775565 -0.0635994873553533 0.0189847843527052 -0.00585299006493365 -0.0523220935442574 -0.00762780880156586 0.00219123271926047 -0.0213967744845422 -0.0455751945167925 -0.00569500236497352 0.0465018547767328 -0.0199344953271281 -0.0734067837133678 0.0256244896746169 -0.0192810302081412 -0.0340431279654242 -0.0153324217617901 0.0051332475459668 -0.042758017296263 0.0876078781438516 -0.0374111067344061 0.0827825784379841 -0.047304683597832 -0.0326464364608512 0.050459328351859 0.033826892739477 0.0648936422657038 -0.0289579771413546 0.00957785454473329 -0.00659190506739447 -0.0879248355655573 -0.0483993004813356 0.11246723240609 0.0239780364196834 -0.00931898829636036 0.0764665337389578 0.0417102010388539 -0.0786782448088768 -0.0841998687764552 0.30087105163411 0.310191300805218 0.367777833980891 0.35246451355266 0.297488099841652 0.27479631605495 0.254953109825413 0.326055426666168 0.349551715124947 0.314795827274255 0.292647364061416 0.162978241400232 0.184805753919712 0.195206225764709 0.0901459737646414 -0.212789764897471 -0.236332765067114 -0.177506899315555 -0.174396171864333 -0.133310334836662 -0.278139803249507 -0.34223234248138 -0.184217590106568 -0.255492708902032 -0.0915850256164327 -0.0624596890865524 0.135970259658152 -0.0829849479525669 -0.00334741681198904 -0.07593645695753 -0.173333027469765 -0.0882813809493728 -0.11053786970354 -0.102825486198196 -0.085670335910732 -0.145959231635247 -0.0667750961716509 -0.0844331128527017
5 0.00450272343113385 0.00546390340396452 0.00391811813847374 0.00690308641441578 0.203001121097077 -0.00313702739007488 0.00833293123998905 0.0563828307139511 -0.00810628836280503 0.00699238445239434 -0.0144483165458301 0.00967495555492327 -0.0213079667328606 0.0231820907586115 -0.0189446758485067 -0.0234435994643982 -0.0500667265937335 0.0437773202577456 -0.0487630175335979 -0.0142084780631422 -0.0110757411109671 -0.0222659320997789 -0.0489518989702204 -0.00125247082632609 0.0372120710290126 -0.0174433712045675 -0.0267090048473309 -0.0142901599634828 -0.0217008765508949 -0.0449105631947735 -0.0136444678869231 0.0394550053627213 -0.0467124245277398 -0.00856475135978269 -0.00277067837356774 -0.00682703837587678 -0.00953057138381423 0.0327752162332459 -0.0012124289881882 -0.0024241247335299 0.00295130497008847 0.00342886868596773 0.00415342928661581 -0.000408996452323138 0.00237810392191003 0.0012181245796509 -0.00191949495939653 -0.00464810297951031 -0.020502596220969 0.00410316976574699 -0.00819919069181945 0.00320501746258503 -0.00182551906510853 -0.00214540844657444 0.0141333387862899 -0.0252994140792669 -0.00289071717023956 -0.0326162892292456 0.00167410284385435 -0.0218906320506113 -0.0452510932829701 0.0165835743577161 -0.0176135969866821 -0.0109787036252817 -0.0583954294870984 -0.0529505118149492 0.00355620673601042 -0.0569647920306981 -0.0611896232708787 0.0296033053575614 -0.0404083484078182 -0.0103052393051239 -0.0206238693285095 -0.0559585020954628 0.0395044306798725 0.0254780146785911 0.0286201187259298 0.025910360880588 0.0338024338624025 0.0389945863867495 0.0340148871355423 0.0511997807220414 0.0459856212598128 0.0316162713445657 0.0668760929278996 0.0665404047210507 -0.00695462689950005 0.0266700528363157 0.0703941487129355 -0.0178072521584893 -0.0113122343595441 -0.0148536740552953 -0.0154024405317899 -0.0200698992922933 -0.0159005780044663 -0.0436317663481136 0.0126221183359469 -0.0127162776231935 -0.0201196065022793 0.00872743743515251 0.0267217119495544 -0.0142613572021456 0.0178088634766729 -0.0331738385128186 0.00307748082609764 -0.0302851055170758 0.000730254321860475 0.00732051586391255 -0.00816689501479138 0.0173117759103206 0.00391015091079073 -0.00389793531687922
6 -0.0292235220357301 -0.0400455669628068 -0.0455839974116588 0.183421244939325 -0.00313702739007488 0.993582747000836 -0.0569821026271651 0.0561940480458696 0.00936087848800438 -0.0369572295708279 0.198206406950839 -0.0345037126741201 0.121541112762759 0.0369631352860045 -0.0201325070103423 0.0453497355950354 0.156392097330699 0.0207866602939553 0.215036176337407 0.0674908094918225 0.0162826368495487 0.139052185576191 0.0696536251898521 -0.125529868352913 0.124967733901597 0.12143300613068 0.0104287190297152 0.0285334924375676 0.0885180113704706 0.215821334612773 -0.053625214834667 0.0360230004339662 0.183828003447947 -0.087288690146577 -0.0372133033182187 -0.0613099148359558 -0.0415390470417825 0.0225870430138389 -0.0145038335782354 -0.0194447335162057 -0.0123339052999531 -0.00210482101081396 -0.0245012868854548 0.0040369582829092 -0.0323811173715255 -0.0141222055646515 -0.0504432724034517 -0.108328275754091 0.0258108094485004 -0.0227843839639131 -0.0897020531182656 -0.0356064045081542 -0.0336453072432876 -0.0360972216875221 0.187174181365277 0.20698933422781 0.203231478341067 0.115577574019404 0.0848974765467709 0.120215014019461 -0.000268394114083861 0.20226865543201 0.151070488253151 0.139140654325532 -0.0618677741364495 0.0934730190548775 0.136915282130296 0.272849140807653 0.193513705825595 0.0546845511778538 0.15500960058161 0.251113817461084 0.0902221234791907 0.03359348617202 0.164164869067436 0.173126853636762 0.198800561532277 0.13495446639504 0.140090698793934 0.138123424365541 0.0842919773453164 0.0975809617510339 0.159853733368344 0.273032799623633 0.232290906382188 0.198861666967487 0.178425983356924 0.0475929115086603 -0.0688092597526603 -0.234018363825793 -0.249983601736895 -0.268844638390737 -0.140521188433097 -0.163317489725556 -0.240920284293719 -0.162069453097956 -0.204885600615192 -0.226518603027469 -0.147332517079746 -0.027448709086149 -0.0580183545498868 -0.108870706674593 -0.117550626466726 0.0201989721428106 -0.162777379817934 -0.0717777408905687 -0.0904580759024312 -0.114963523768907 -0.122384315267098 -0.134344369854776 -0.0810084860563772 -0.111163467344458
7 0.00855646758560399 0.00947656104961566 0.00749388302650917 0.0221103949987928 0.00833293123998905 -0.0569821026271651 0.211502671699877 -0.0407195550505683 -0.00311210785501894 0.0108279002167421 -0.00164332618600099 0.0126237861581209 -0.0178009493171869 0.0300705477044312 -0.0148285718719565 -0.0207101045370735 -0.0452121170513243 0.084536422603672 -0.0447349059314748 -0.0107147754857506 -0.00863852301719808 -0.0178595443780351 -0.0441211998331168 0.00205035282277932 -0.0199617797117107 -0.014226291480731 -0.0225548593683773 -0.0114048864841945 0.0707716609546928 -0.0404498433305376 -0.0101870836502295 -0.0439654972546451 -0.0421383413219586 -0.00492592076780761 0.00206227689068955 -0.00190414540321207 -0.004290121297536 -0.00582861965685546 0.00362088614063603 0.00244981322887749 0.00749581038653419 0.00747180314971239 0.00824199697319284 0.0044435643474308 0.00714409724766929 0.00635701064801417 0.00310128729483992 0.00109119830405629 -0.0147500700001568 0.00860028418654525 -0.00192637377258361 0.00767370281413558 0.00304980988986309 0.00261691705170222 0.0242866266349862 -0.0703494161945431 0.0160559552375812 -0.0140197555858052 0.0231543325638662 0.0124771139080787 0.0515646906632228 -0.053079377150943 0.00405469507079024 0.00861326996210826 0.0325488039336796 0.0411139150102766 -0.0519341625633714 -0.0513451863351647 -0.0551361969783205 -0.0285090156534385 -0.0359406389218958 -0.0695061559520053 -0.000716214201752595 0.0125581938088668 0.0431072334457329 0.0216346094506096 0.00582082327060047 0.0118444222786988 0.0280186202420915 0.0415255552041807 0.0192883879415163 0.0425769635055532 0.0327964301163228 -0.0383824797586019 -0.0348926321342431 -0.0227268110137061 -0.054929030871581 -0.0434244837372783 -0.019648665664083 -0.0127822901124255 -0.00629329304310999 -0.00888274656668392 -0.00993939537361124 -0.0149625842619599 -0.00981442539483259 0.0255735313754605 -0.0212687070523511 -0.00752653351295833 -0.0159758209064347 -0.0388015824381622 -0.0365891427114085 -0.00907956459317934 -0.0345330909779348 -0.0276165508228656 0.00620071961865541 -0.0253801572424356 0.0052003513605393 0.0112827444202087 -0.00356149001612317 0.0208726342059471 0.00764284307628625 -0.000293727608412189
8 -0.0171870952899769 -0.0376413634778432 -0.0610925903658858 0.243998396820443 0.0563828307139511 0.0561940480458696 -0.0407195550505683 1.87183495817033 0.0879392916687898 -0.0435666349859231 0.650847580632281 -0.000998944961048904 0.605750749399867 0.699100093924174 -0.121786656628283 0.00377825890232649 -0.202883162995902 -0.307571210579306 0.0473639642570116 -0.136382544195788 -0.016502581047637 -0.16276618085312 -0.0427767334414809 0.111318572566261 -0.444114328042696 0.0780596202050394 -0.290824071451863 0.0252233065884263 0.46731527620867 -0.104810058929679 -0.205502050603535 -0.115798729691224 0.00264647231593829 -0.392945164936816 -0.0508267221133246 -0.0959091393459048 -0.091176046988587 -0.118328942987287 -0.0182767257564971 -0.0590338245928111 -0.0144602131961279 -0.0432819350339886 -0.0216898012686853 -0.111624331660148 -0.0429008169068046 -0.0116364187635935 -0.0762982013264424 -0.0595956427566829 -0.0738925413818673 -0.0237180538333785 -0.0816701208653739 -0.0386657441387083 -0.0742962216024374 -0.0320468578169749 0.685094722516276 -0.131355835473634 0.184817320180918 -0.310095632364851 -0.23812110039954 0.262940111630642 -0.326462981077013 0.534773422546394 -0.0836070777215661 -0.0305251204057264 -0.214953036181643 -0.0809152443315574 0.051219651309866 -0.22060943981309 -0.369372723375548 0.188581544713174 -0.249499995736831 0.0300899100749813 -0.151421832915357 -0.310295638408433 0.884657152945936 0.846248299513149 0.857771371517646 0.906187432407192 0.710150647329904 0.903091054872597 1.01984164441327 1.04777302581119 1.05665658120291 1.06292450479853 1.49586166605664 0.846908025161508 0.188585342631173 0.818448925891864 0.745388214262129 -0.338618185141819 -0.334495091039346 -0.379438505321393 -0.401084586944215 -0.25829845382028 -0.255150427176663 -0.532374103212518 -0.499851738613831 -0.190268390293957 -0.115956419359954 -0.240975091577021 0.109498796092895 -0.0882599359137047 0.0859777175104301 -0.103459595644537 -0.258816212431203 -0.406559415215394 -0.0983708525946192 -0.150968656071791 -0.194760529840811 -0.158183990853508 -0.0490410746552116 0.117619017934485
9 0.00575750863435554 -0.000553552819660196 -0.0421821143981647 0.0108496263168525 -0.00810628836280503 0.00936087848800439 -0.00311210785501894 0.0879392916687898 1.27508000540238 -0.00314838439272081 0.14773086408046 0.0176270412021201 0.0443466051911292 -0.0581785551777109 -0.00804482550029897 0.0231994996104212 0.0292820488176679 -0.013544905347701 0.0625400607670973 -0.0201220935748377 -0.00930118475904488 0.0108831426507987 -0.141718997214143 0.10550204205683 0.177392479308973 0.0576088026327501 -0.0324488322152423 0.0682024148842205 -0.0718270594528843 0.00422803994835133 0.0928561347938956 -0.129693047576995 -0.122533991835714 0.167782094420442 -0.0242764999916752 0.0441048151350012 0.00902940162002673 -0.00409673108800969 -0.0205036891582005 -0.0136784621222839 0.0141548079085984 -0.00773322401174845 0.0046337434877371 -0.0392639421024619 -0.0057914013451789 -0.0519207104031528 0.00700550147282353 0.0359490521086315 -0.0216726777358762 0.0052916497537745 -0.0702756240284103 -0.00375560859678795 0.0524331795911952 -0.0189243546603785 -0.142094020029706 -0.195159543176261 -0.0285319740562701 -0.152414409930694 -0.0689888687214323 0.153710235637474 0.0630031196345609 -0.0491703649916532 -0.209964739606072 -0.0616520801940963 -0.0240399195743481 -0.0754472870134399 -0.00524124546782129 -0.102235007409312 -0.150062424549665 0.118931199418102 -0.0825882987110574 -0.234431611517898 -0.00758600112369356 0.00168282963346777 0.165490442994159 0.0976852051076123 0.225141101387136 0.200136147884628 0.152153368954011 0.10597262318495 0.0686890246599202 0.175858137717611 0.22495381735893 0.147030551644079 0.114512270588542 0.147147464114364 0.12754746223084 0.0782106419409518 0.102228058739587 -0.15998691015175 -0.113457242159515 -0.126325894440644 -0.155071009653878 -0.12756252547116 -0.0950267685269267 -0.150509487064304 -0.199415900163086 -0.15710411754308 -0.0413316309327284 -0.155894521419048 -0.0122610998087633 -0.0696047296532139 -0.0716891909659929 0.0260684816741007 -0.132477944352791 -0.0788160188946541 0.148132469545206 0.14780409444974 -0.0529051985513416 0.0884733006355749 0.0798707933116442 0.0135809919581362
10 0.00981177560355544 0.0100309070941417 0.00657423594135075 -0.0542629514831566 0.00699238445239434 -0.0369572295708279 0.0108279002167421 -0.0435666349859231 -0.00314838439272081 0.152955720605082 -0.0130294373185472 0.0104621735859856 -0.0196977452837399 -0.0398122309734095 0.0316792436321017 -0.0198849833974043 0.033488696878917 -0.0194021986378502 -0.0461288224203439 -0.0094586162620135 -0.00768208007425876 0.0145721596799997 -0.042588763792686 0.0373812957819931 0.0548559264652527 0.0355606383808006 0.00647692755850798 0.0466640714811423 0.040881500254467 -0.0395428329308586 -0.0104993397334864 -0.0318729291762145 -0.0438626320654405 0.0888218832477939 0.0064002286658957 0.00139302430917043 -0.000578460214134659 -0.00078531835585127 0.0073532254413195 0.00686703144273351 0.0101555128995922 0.00943929805546706 0.0104057756266399 0.00737754374566661 0.00980359218973711 0.00924132220765938 0.00561731509830511 0.00571346829165117 -0.00951508703246124 0.0107685611107798 0.00516853317240129 0.00997654029832308 0.00483468886640956 0.00549336701996514 0.00350953233887392 -0.0238388253733048 -0.00421551274196232 -0.0176772091362476 0.009987591668556 -0.0414360511862303 -0.0233364200726712 0.00319165011385338 -0.0028864399470151 0.00817372002138843 0.0169635923803326 -0.0327293898279264 0.00969835987599846 0.0154355505604343 -0.0396849502409187 -0.0150670770484284 -0.0351322098426037 -0.0517350755675793 0.00211099707156524 0.0205936547303663 0.00085595094973677 -0.0481444183606869 -0.0178189426931821 -0.0453409163331148 0.00387296500304909 -0.0331213690761797 0.0090689548612706 -0.0367614765802319 -0.0362034073382961 -0.0429678640936431 -0.0416832899627007 -0.0284807490366064 -0.0559635084947578 -0.0445365599552619 0.0374636417331449 -0.0159795984290727 -0.00717952859507185 -0.0103711690289102 -0.000941817119795915 -0.015769892438679 -0.011813781923868 -0.0262847065696562 -0.0185797658248789 -0.00979628450713759 -0.0173119525161411 -0.0373305514000226 -0.027638457394179 -0.00664189666334103 0.00899927088378821 0.016011416875253 0.000282559772575739 -0.0241648284830849 0.00566542382280936 0.010345886231446 -0.0032025836044987 0.0193738659533566 0.00732206773424071 -0.00135645462567451
11 -0.0289157156497861 -0.0587108829702469 -0.0139196476131924 0.192920127536702 -0.0144483165458301 0.198206406950839 -0.001643326186001 0.650847580632281 0.14773086408046 -0.0130294373185472 1.24018182934686 -0.0326890210800915 0.323210603890441 0.156497371268395 0.0126752780819926 -0.0170678518048956 0.100473562591649 -0.0893903861349705 -0.00575396956472047 -0.0141907229851324 -0.00813357114339954 -0.089750023282842 0.0270616215965255 0.0904509551752741 -0.0549498916728335 0.0148206000096649 -0.200231949220894 -0.0133988273308941 0.266318228850428 0.00772810168920429 -0.0157864573978976 -0.0427313232406914 -0.0767137249821493 -0.178686953499166 -0.055031566680339 -0.0834715860420699 -0.0246134767746491 -0.107660005207077 -0.014361641068136 -0.030707315658747 -0.0160346731930453 -0.00604363083292269 -0.0263019507486794 -0.00697640067633069 -0.0486783977981732 -0.086444688025478 -0.0578624856429149 -0.084548686996636 -0.0293171925267631 -0.0243844939171027 -0.132150632626739 -0.0466614219438538 -0.118524207279078 -0.0102765776206041 0.360680613151792 0.191085872656293 0.141867614730067 -0.011051410212054 -0.0727929001244476 0.22388374472011 -0.0543451021714909 0.35506343901988 0.114810474871657 0.0471726857299167 -0.0641555111834794 0.0878147383124321 0.201856711673148 -0.0766689304825059 -0.00491655450458238 0.288522835167379 -0.0632334944444199 0.0719632625394332 -0.00603257949430883 -0.0994062547277409 0.445436884262172 0.522774228182807 0.586053836562345 0.532796324314236 0.433074183121329 0.421320875436721 0.459054366516528 0.404006573081837 0.494681507005657 0.424432624889903 0.449728913523484 0.47731901778037 0.408470060183948 0.338500789010238 0.361306358198137 -0.31067012486152 -0.262033310336364 -0.430263042809038 -0.409447312322048 -0.155769246886125 -0.475803186649745 -0.232083561700471 -0.448931632884029 -0.304154587320153 -0.203187160423848 -0.27557546117544 -0.0259502678623272 -0.124980771749692 -0.0025679896906529 -0.00605498351978973 -0.288713397869556 -0.159488833122367 -0.0851636207897589 -0.095863866339032 0.005318357574365 -0.0192007904184174 -0.0288551198013142 0.0211609637395985
12 0.00721655398832777 0.00860490008970688 0.00968388314021162 -0.0299153497482698 0.00967495555492327 -0.0345037126741201 0.0126237861581209 -0.000998944961048904 0.0176270412021201 0.0104621735859856 -0.0326890210800915 0.0133632671318245 -0.00144606879177486 0.00868570421493514 -0.0110425331226963 -0.0176057442462049 -0.0237598534066971 -0.00613522464599267 -0.0273952771427737 -0.00638186840453216 -0.0061142838374133 -0.012336844558498 -0.0322265616633619 0.0116309421541383 -0.00269613768934613 -0.0104207892429726 -0.0105181105848248 -0.00967156429186325 0.00429198728642847 -0.0240849971320726 -0.00638118351712619 -0.0233516541946606 -0.0252528032323128 0.00494385544701719 -0.000872290736365384 -0.000756982564864665 -0.00466650529843598 -0.00586313508004617 0.00112285829063534 0.000491543275083245 0.00479997991275969 0.00597496914838754 0.00612973038343037 0.00412740517895697 0.00457343964161819 0.00590292766849983 0.00233263684811909 0.0011477388198747 -0.0136489277762026 0.00632377882621627 -0.00315761938240407 0.00573114213294448 0.00618221506231853 0.00162928729807049 -0.0161037406056127 -0.0360164757347079 -0.0180805711606129 -0.0455323674303775 -0.0315028016163197 -0.00511603927873863 -0.0197413570654677 -0.0107879755029157 -0.0410238751697925 -0.021618482554911 -0.028658332559483 -0.0247503948684276 -0.0231107741765174 -0.0290379517471385 -0.0345931212646348 0.00332926939580051 -0.0204464848327725 -0.0445376408214081 -0.0164502651228499 -0.0246137160435072 0.00926820292822957 0.00202703291980253 0.000478472263623612 0.00237034088262848 -0.000879216414577137 0.0173567152865614 0.00819634800054519 0.0131229156821502 0.0126168808919424 -0.00291112686451055 0.0062454687152212 0.0100263754217808 -0.0198386293397422 -0.011878338672594 0.0066908870646085 0.0203467447239243 0.017510239235283 0.0244882953041178 0.0195431161053881 0.00639380243437077 0.0347297458522503 0.00479999997558713 0.0129365905266739 0.0230985557797643 0.00597438888968929 -0.00867145776362606 0.00857411517954373 0.000217183828611539 0.0130076930042769 0.00260190827030605 0.0209669332968206 -0.010780380512954 0.0109057334268119 0.016684734559227 0.00736520722797025 0.0269585689928681 0.0111906470760432 0.00374364423256703
13 -0.0121616748769913 -0.0159682220248782 0.0598572974756335 0.299073853551797 -0.0213079667328606 0.121541112762759 -0.0178009493171869 0.605750749399867 0.0443466051911292 -0.0196977452837399 0.323210603890441 -0.00144606879177486 1.70164355071181 0.353536956212175 -0.109695991045273 -0.0328325998075615 -0.148836169776254 -0.152679847061762 -0.119205951864169 0.117062978411124 0.00611511080582582 -0.0794460043855528 -0.0104506483984339 -0.11737801363459 -0.0298090650562773 -0.109394687692833 -0.181196060217266 -0.0184500324171134 0.513601626279863 0.055210556697749 0.0347941573949671 -0.0952889191679385 -0.0169043717707934 -0.00765784112216874 -0.0367962578885524 -0.046303402073843 -0.0707997971757819 -0.096565902900112 -0.0326042085823102 -0.0470610271573006 -0.0149251709748126 -0.021155108122358 -0.0132977924480852 -0.0534891377440763 -0.0207247549131088 -0.052822273691756 -0.0586770009236482 0.00513710097616494 0.0189006201171025 -0.0121914947241704 -0.0964695842858435 -0.0193603812255781 -0.0415285854183593 -0.0452010202711741 0.272071279544206 -0.0451305631848701 -0.0197553951748222 -0.148763481450646 -0.352275557717875 0.143173901685989 -0.287650670476538 0.234673161035104 -0.270978522435062 -0.0797973330913345 -0.222219408784343 -0.268354723926773 -0.0723847592265476 -0.176045260622034 -0.143730676124606 0.410144425171745 -0.172819350801318 -0.119671244788448 -0.202655470701738 -0.339243587190927 0.430729024204486 0.436826629784732 0.457355643148982 0.423013254966104 0.367441181654295 0.454755014099158 0.512104276004 0.551107226853329 0.62596226309132 0.695859724848688 0.696413679826081 0.38651940753279 0.186709413073853 0.329777090204385 0.566701757675601 -0.0693439976262692 -0.094309080491844 -0.130093890549218 -0.211265182612911 -0.0972410519893044 -0.162770816698234 -0.251240000455095 -0.205506030718561 -0.15798781572351 -0.120240461830558 -0.262124215629343 0.316905318336583 -0.0167189903128355 0.0548003073237254 -0.0844890789340682 -0.15393805885859 -0.187834207671361 -0.110250867397321 -0.0840860557982658 -0.140587125790848 -0.0646719991197414 -0.0652944620703033 -0.0774312682890208
14 -0.0276620484279916 -0.0373885062422676 0.0775948241787998 0.163090531714941 0.0231820907586115 0.0369631352860045 0.0300705477044312 0.699100093924174 -0.0581785551777109 -0.0398122309734095 0.156497371268395 0.00868570421493514 0.353536956212175 1.51158955388421 -0.0642287167897828 0.0169532429491329 -0.325910909546066 -0.219546060920294 0.13283350719156 0.0563602005412327 -0.0064500296897807 -0.237001399358255 -0.0195799650654796 -0.204782851953702 -0.310962945376243 0.0636753366915218 -0.339807819997173 -0.0276035881025834 0.121701177111563 -0.0589840419829139 -0.125743765520198 -0.0512053211907827 0.208543232872585 -0.231802561033469 -0.0866433049618388 -0.0108210988869872 -0.0162946408147014 -0.0763285632690299 -0.0200320704645962 -0.0883782683637412 -0.042241256767975 -0.0556609985284112 -0.0342651072243873 -0.104118934662018 -0.055946409685127 -0.0238422110880586 -0.0901721044556772 -0.102304791712691 -0.128576867960479 -0.0271067329310712 -0.103699124814376 -0.0424699317145515 0.0212420370543886 -0.0290098712575424 0.193228126251054 -0.388638182556681 0.00555955097310258 -0.192371695937749 -0.0961634901887741 -0.0991818336910715 -0.261468897570437 0.311062603507743 -0.147450154539409 -0.169220007750593 -0.214456258941575 -0.151705614791572 -0.226467999490097 -0.224237449967913 -0.419336585506877 -0.0140378444798814 -0.306444607519579 -0.00846688899025156 -0.0976860162514194 -0.294295039704963 0.324009424748956 0.356957882548136 0.314399829565332 0.425026688612445 0.3320496775668 0.397340645985506 0.510645972279908 0.512872604270738 0.518306559589508 0.593303881489712 0.721920221888597 0.314922164719634 -0.046613857786721 0.292329585958467 0.269071850417314 0.279725650514425 0.160719254895035 0.280676431535567 0.0736860890838718 0.150979776200791 0.302917133493745 -0.0578082095705364 0.165687838302263 0.27659369075568 0.259041558976297 0.259273226166898 0.334007355206884 -0.0702289754798836 0.183761248898419 -0.0556264470570509 0.175968105180956 -0.133728685053995 -0.11912314301113 -0.0752144191713184 0.0359276771659343 0.0167053301814276 -0.1016023775054 -0.0261882576906458
15 0.00340530497288571 -0.00154262276394909 -0.0235569420812033 -0.0710541424827679 -0.0189446758485067 -0.0201325070103423 -0.0148285718719565 -0.121786656628283 -0.00804482550029897 0.0316792436321017 0.0126752780819926 -0.0110425331226963 -0.109695991045273 -0.0642287167897828 1.0188157609224 0.293085618800234 0.0136828410507107 -0.01515397028143 -0.0116658177421416 0.132971977136967 0.385362055446398 0.0695903935475181 0.118388296722367 0.109470118522508 0.00473179939883683 0.190876526360899 -0.0429060217754212 0.401297028513834 -0.07187145407415 0.0925548129517766 -0.0736046391461233 -0.0272470553030166 0.102217368752472 0.0127001106895174 0.00766611113234136 -0.0212422720516394 -0.0142219910456218 -0.0194953204027532 0.00798734344112063 0.0275605616185427 0.0123619830828472 0.00388694497030533 0.00877224650070871 -0.00126833916528541 0.00961947482190914 -0.00260926725569984 0.00986378510672988 0.00419993435897212 -0.00145979470331358 0.00951562029437799 -0.0028573505289627 0.00464477555649795 -0.025564725669476 -0.00344428086770089 -0.0121986913335094 0.0146729580966033 0.0121868560319784 0.0379545422332402 0.0991464429558919 0.0257539764805305 0.0873983341972051 -0.036875986010401 0.075327708953334 0.074755512989205 0.104556575889238 0.120661195626938 0.0959548635605964 0.0163637742396123 0.0102939107455358 -0.0783152887204273 -0.0341528057613128 0.0825802131401917 0.0339663049496414 0.0447083959489375 -0.0988223064470276 -0.103272085413712 -0.139778376720315 -0.113066817560044 -0.0427117594228439 -0.0958913878112062 -0.0716763592401649 -0.062675022678196 -0.108994013899998 -0.179480824094786 -0.144730956058161 -0.180849590498615 -0.0631670512814429 -0.0546665721938955 -0.0752081376747502 -0.151580207259104 -0.140054252062576 -0.143955895741225 -0.151975951895273 -0.111989319322683 -0.199086728097206 -0.051181759594138 -0.135660372080295 -0.0995639452012755 -0.0146243129565463 -0.0308858590256595 -0.109774364494973 -0.047300138028316 -0.0779013429111888 -0.0221156247537373 -0.0900403974331896 -0.0771171907460067 -0.0480587036935525 -0.0396247063332493 -0.0789549480022864 -0.0258426085391459 -0.0295691169141689 -0.0483247006475703
16 -0.00891570921029513 -0.0115797924747066 -0.0262105887913498 -0.0567550299991857 -0.0234435994643982 0.0453497355950354 -0.0207101045370735 0.00377825890232649 0.0231994996104212 -0.0198849833974043 -0.0170678518048956 -0.0176057442462049 -0.0328325998075615 0.0169532429491329 0.293085618800234 1.07087582373231 -0.0768136874840917 -0.0761174124652612 -0.16880716543298 0.270085232462357 0.678916746597645 0.202045406193597 -0.100771323366764 0.130607651554767 -0.0242151947245473 0.27032101634613 -0.0321359259060981 0.608794320842217 0.0414088884416662 -0.11594914504394 -0.0678911461004133 0.0362070880167234 -0.0269689317907835 -0.015731040494429 -0.00754972313171073 0.0272502062745326 0.0210601719933179 -0.0267055031556715 -0.00700840787429467 -0.0112053636520613 -0.00334871948256058 -0.00831013832338452 -0.00577100311215443 -0.0106899654038757 -0.00485249101008202 -0.011851696050735 0.021082111759739 -0.0214351578315642 -0.0241453652632381 -0.00522595115385764 -0.0132407272829775 -0.00870806216732183 0.0329906906369433 -0.014437024768221 -0.0323318981781473 0.00699001034752122 -0.0727712752616608 -0.0377328855351261 -0.0338730671142266 -0.0218751075570362 -0.134777936794365 -0.0321760143227569 -0.00860887775637711 -0.0229505391109256 -0.0157912928519436 9.0253983554604e-06 -0.0834467319858382 -0.0592402513269789 -0.179557943779983 -0.0113328191531028 -0.0195952299808931 0.0288911336840201 -0.0102969131422387 -0.0359473163975343 -0.0768810197662016 -0.0317675227210535 -0.0551217784756472 -0.0219393546448034 0.0178349023974137 0.00172171954281528 0.0137370823374437 -0.0860857564516108 -0.107437937178193 0.00232563053034953 0.0336132430520081 -0.0232242317509152 0.00428549304455884 0.0103716872223504 0.0491326277097211 -0.0112878304421529 -0.016407655479866 -0.0317432295826531 -0.0670579349857429 -0.0270142991819891 -0.0672281324908888 -0.0964152947024192 -0.0603023656677908 -0.00633218810711413 0.0530827635435682 -0.0667974179330302 0.00656413941401474 -0.00739062794010072 -0.0425072823683651 0.0817681135778656 0.038225945555907 0.139601315424842 -0.0405910075131108 -0.033368376008637 0.00321809301857589 -0.0199746035975157 -0.028726750179547 -0.0455482048593959
17 -0.0130638141077112 -0.0241880108006235 -0.0813067046709075 -0.0136226397250982 -0.0500667265937335 0.156392097330699 -0.0452121170513243 -0.202883162995902 0.0292820488176679 0.033488696878917 0.100473562591649 -0.0237598534066971 -0.148836169776254 -0.325910909546066 0.0136828410507107 -0.0768136874840917 1.42524392973186 0.110149975074721 0.0283412348608755 -0.0391797068011926 0.0451749896796194 0.161965860390123 0.0252642526475488 -0.071828440464331 0.443371313749279 -0.0657789421352429 0.0436871278274682 -0.104208681797846 0.119416088072571 0.417002387910086 0.332973951925499 -0.162176777504542 0.177672835753927 0.376064027473212 -0.0148108735339974 -0.00723635042812106 -0.0688427478871928 0.0226341964584613 0.00842822222921189 -0.0318421937200217 0.0162870496340836 -0.0218980968333661 -0.00731299066497109 0.0259492788064086 -0.0137487443888216 -0.0458227454469728 -0.0269980858312465 0.0195069789411697 0.0621214769459938 -0.00551113966943152 0.0778590397718797 -0.0182942253206817 -0.118704822455347 -0.0515691388731846 0.0102113630534715 0.353944029075167 0.321334047709529 0.363469454118539 0.332471946337996 0.250272583472456 0.337770671159693 0.272073611920207 0.264880165540426 0.24788882143412 0.243673365412954 0.286378267699021 0.260065867404722 0.309004950471637 0.522959848308064 0.204483816501275 0.187254969482361 0.269964714976873 0.230237715184317 0.125943469285814 -0.0196964312588894 -0.10980535579717 -0.0427796306463877 -0.139781681362503 -0.0279081656471489 -0.0654600278938987 -0.209517545838708 -0.142520666719217 -0.138425601839723 -0.169465291354022 -0.0146428996493714 -0.0454920875547184 0.10943240422784 0.0834765520918711 -0.158857040079692 -0.358799018259547 -0.265173258431424 -0.420064252922175 -0.305242652689896 -0.250348745259124 -0.252152649284283 -0.193349484843512 -0.288404504338903 -0.379144397286914 -0.270784325115278 -0.129064476231569 -0.200056259745502 0.00136005385671585 -0.108816631536121 -0.158319559401891 -0.198327281940241 0.02922626672576 -0.0631722794044758 -0.0803624375049474 -0.0662448992482278 -0.0768425843927835 -0.0644375501182414 -0.113793919192373
18 -0.00158814828663724 0.0518271655627815 -0.046788825614068 0.338948950831757 0.0437773202577456 0.0207866602939553 0.084536422603672 -0.307571210579306 -0.013544905347701 -0.0194021986378502 -0.0893903861349705 -0.00613522464599266 -0.152679847061762 -0.219546060920294 -0.01515397028143 -0.0761174124652612 0.110149975074721 1.33049723280195 0.0441132946850689 0.0565581994444216 -0.110532830211174 -0.0129490752431799 0.24547287086499 0.251453532910571 0.354129173313199 -0.0353062695512738 -0.10477679892023 -0.114918453396081 0.099779142210246 -0.0180451731744129 0.19211355217736 0.388158548594211 -0.268118020267365 0.222234483879781 0.0196830806460281 -0.00521048689726728 -0.0168652099284122 0.00774607086852567 -0.0108192038940496 -0.0251700365326426 0.0180747578027971 -0.00786271639453904 0.00208361677302893 -0.0355714552136347 0.043739933597893 0.0184400342020053 0.0727101750234277 -0.0717370017017782 -0.0377029822050801 0.00317055465563578 0.0355111072164475 -0.00539373683131331 0.0519718168080433 -0.0295517497213024 -0.227077997046318 -0.133692325835094 -0.141280616990233 -0.10274147479072 0.0480335097650988 -0.234656641046511 -0.039922423502761 -0.216116818818542 -0.201430283432596 -0.0156552267799818 -0.0319635230050266 -0.17446669195584 -0.202085972793203 -0.0723075019389954 -0.117531561082973 -0.00326459947789354 -0.0977211630106653 -0.147328579601838 -0.151931089850409 -0.128440663698006 -0.0262996560267347 -0.0609811459478567 0.0174311441006055 -0.082624119186075 0.0209468361585047 -0.057697699539778 -0.166555024032189 -0.217562326768881 -0.0929995852396877 -0.172792801374603 -0.326114889563483 -0.168321551885665 -0.0276008069345817 -0.0567191795520443 -0.027785175627496 0.0594619482053875 0.005538802604853 -0.0107813433297446 0.0500083738366716 0.0384187190201018 -0.082660530709054 -0.114105284988013 -0.107608853857287 -0.151429057524795 0.157052552880398 -0.116443442005562 0.0885502744552789 -0.0364620862419486 0.0854048578158013 -0.0311873838917462 0.0832197234868867 -0.022836122152387 -0.0379405172070174 0.0532819885984836 -0.064792145788346 -0.0166270111137565 -0.0132169154141043 -0.0860902965458398
